G:\data_stored\nature_train\000000.jpg 56,74,86,124,1 117,76,149,126,5 180,80,212,129,9 241,79,275,130,8 301,79,337,128,9 370,102,398,143,5 372,65,400,101,4
G:\data_stored\nature_train\000001.png 17,17,42,58,0 67,18,93,58,7 119,19,145,59,3 169,18,195,60,3 222,18,252,61,4 277,7,303,48,5
G:\data_stored\nature_train\000002.png 4,14,28,51,0 47,22,73,56,7 93,20,120,55,5 138,12,161,48,8 179,13,202,49,9 222,10,244,45,8
G:\data_stored\nature_train\000003.png 14,1,52,64,0 92,6,129,71,7 164,19,202,80,6 233,21,272,79,2 301,28,335,86,2 368,37,402,93,3
G:\data_stored\nature_train\000004.png 5,8,33,54,1 62,13,87,53,1 121,9,149,53,0 178,7,208,50,4 238,4,268,49,5 301,1,329,44,5
G:\data_stored\nature_train\000005.png 6,4,25,34,1 36,7,56,37,5 67,10,86,38,9 100,13,117,38,3 130,13,149,39,2
G:\data_stored\nature_train\000006.png 13,8,31,37,2 50,9,70,41,3 86,9,107,38,6 125,6,144,38,3 163,5,181,37,1 200,17,221,41,9
G:\data_stored\nature_train\000007.png 1,2,39,68,1 66,6,104,73,1 136,15,169,74,8 204,20,236,82,4 267,23,304,84,5 339,25,368,88,8
G:\data_stored\nature_train\000008.png 12,14,28,47,1 46,11,64,44,1 85,11,105,44,3 123,11,144,44,5 163,5,184,39,8 206,4,224,36,9
G:\data_stored\nature_train\000009.png 5,7,14,24,0 21,8,31,24,0 39,8,48,25,3 56,8,65,26,0 73,9,82,25,3 89,12,99,25,6
G:\data_stored\nature_train\000010.png 11,14,28,36,0 41,16,56,38,5 71,17,85,39,8 99,17,114,38,6 131,16,143,37,1 160,21,172,39,8
G:\data_stored\nature_train\000011.png 8,15,20,33,0 30,14,42,32,3 52,14,65,32,6 76,13,87,31,5 97,12,110,30,0 119,5,132,23,3
G:\data_stored\nature_train\000012.png 11,8,30,37,0 44,4,65,36,5 80,6,100,37,9 119,3,135,36,1 154,7,173,37,4 190,11,208,40,7
G:\data_stored\nature_train\000013.jpg 25,39,75,117,2 123,56,175,125,7 227,55,270,127,5 321,47,371,122,3 425,54,471,126,4
G:\data_stored\nature_train\000014.jpg 74,59,120,130,9 172,47,218,118,3 265,39,309,107,8 360,43,403,113,7 453,34,496,100,7 546,22,595,87,5
G:\data_stored\nature_train\000015.jpg 111,35,170,136,3 224,32,286,131,1 357,25,425,126,2 480,24,548,125,8 610,18,676,121,2 732,31,804,141,8
G:\data_stored\nature_train\000016.jpg 8,38,53,127,1 118,51,168,132,3 228,50,279,131,7 338,50,393,129,4 449,47,501,127,8 562,29,600,109,3
G:\data_stored\nature_train\000017.jpg 70,49,117,116,4 164,47,213,112,2 263,44,315,115,4 363,44,403,114,1 461,39,504,107,1
G:\data_stored\nature_train\000018.jpg 22,60,84,144,4 126,71,179,150,0 225,71,276,150,0 323,71,371,150,0 420,68,464,144,3 525,36,566,109,8
G:\data_stored\nature_train\000019.jpg 37,66,91,150,2 144,64,193,139,8 248,75,297,150,6 345,78,391,150,1 447,75,492,150,0 546,62,599,146,7
G:\data_stored\nature_train\000020.jpg 65,55,106,119,0 153,60,201,128,8 245,57,289,125,2 334,60,375,127,6 417,53,464,117,5 511,52,555,118,2
G:\data_stored\nature_train\000021.jpg 213,43,254,125,5 285,43,325,124,2 361,41,397,122,2 435,45,468,120,8 506,42,548,122,4 583,32,621,94,4
G:\data_stored\nature_train\000022.jpg 110,56,166,143,0 207,56,263,135,0 303,58,359,150,4 405,57,458,141,8 501,61,558,140,8 608,59,651,138,4
G:\data_stored\nature_train\000023.jpg 127,73,177,145,8 224,75,276,143,6 335,76,387,144,3 437,76,498,143,7 559,83,604,143,3 661,76,721,142,2
G:\data_stored\nature_train\000024.jpg 131,74,176,150,0 242,65,285,150,1 356,59,407,150,2 474,58,534,150,2 591,62,644,150,9 712,58,770,150,7
G:\data_stored\nature_train\000025.jpg 143,68,201,150,3 257,62,301,144,4 361,63,411,146,9 464,70,519,150,9 570,74,620,150,7 674,74,718,150,0
G:\data_stored\nature_train\000026.jpg 250,48,287,128,5 314,56,350,127,7 377,53,412,124,7 439,55,485,125,4 503,68,540,124,3 570,78,603,125,0
G:\data_stored\nature_train\000027.jpg 141,32,175,87,2 193,34,229,93,9 251,34,281,95,4 305,35,339,95,5 365,37,395,95,3 422,33,453,89,0
G:\data_stored\nature_train\000028.jpg 166,23,197,82,0 225,28,255,92,4 285,31,321,93,4 346,33,379,100,7 408,35,443,102,2 474,70,510,135,9
G:\data_stored\nature_train\000029.jpg 88,49,148,130,3 190,49,246,126,5 297,49,349,127,5 403,47,454,123,9 501,56,549,131,3
G:\data_stored\nature_train\000030.jpg 293,49,328,106,2 348,57,383,102,3 407,52,443,101,9 469,53,504,102,3 530,50,567,101,4 594,47,626,95,9
G:\data_stored\nature_train\000031.jpg 247,83,288,150,0 327,83,362,150,4 404,72,442,150,8 480,71,517,149,9 558,64,596,140,0 628,68,670,150,5
G:\data_stored\nature_train\000032.jpg 188,43,224,125,1 265,50,309,129,8 343,52,383,129,3 417,46,455,121,2 496,41,534,122,9 570,46,605,113,9
G:\data_stored\nature_train\000033.jpg 218,78,251,128,1 291,76,327,127,0 362,74,397,127,0 434,70,473,128,2 512,71,541,125,1 584,77,620,128,2
G:\data_stored\nature_train\000034.jpg 240,40,274,104,2 313,47,345,110,6 382,44,413,106,3 450,49,485,107,9 521,48,556,107,5 595,15,628,73,8
G:\data_stored\nature_train\000035.jpg 234,191,267,241,3 296,190,330,239,3 357,195,386,246,7 418,194,445,241,4 474,192,507,243,4 533,189,559,239,2
G:\data_stored\nature_train\000036.jpg 71,118,107,197,1 192,115,227,197,1 305,128,354,204,7 420,120,476,202,2 531,125,585,206,9 640,133,694,207,3
G:\data_stored\nature_train\000037.jpg 239,80,264,149,1 285,77,309,143,1 332,71,364,135,4 383,67,416,135,4 436,62,466,130,5 498,53,521,125,1
G:\data_stored\nature_train\000038.jpg 283,62,316,128,0 349,65,382,125,5 414,67,446,127,4 480,73,514,125,5 545,76,577,128,6 614,79,647,129,2
G:\data_stored\nature_train\000039.jpg 47,52,82,124,1 132,59,184,129,2 228,62,267,131,9 313,55,356,126,7 401,50,444,126,8 500,93,523,139,1
G:\data_stored\nature_train\000040.jpg 47,73,96,139,5 144,77,184,150,4 241,85,270,150,1 325,88,364,150,8 413,87,454,150,4 503,89,543,150,5
G:\data_stored\nature_train\000041.png 1,10,26,48,1 44,17,72,55,7 91,20,115,55,8 136,14,156,51,1 177,21,199,54,4 221,24,244,56,5
G:\data_stored\nature_train\000042.png 1,20,15,49,1 30,24,48,48,8 58,21,77,47,8 89,15,106,41,1 118,14,137,41,2 150,13,168,39,3
G:\data_stored\nature_train\000043.png 12,17,54,77,2 95,13,132,75,0 175,17,216,73,9 253,14,293,71,3 333,11,377,73,5 414,1,454,60,2
G:\data_stored\nature_train\000044.png 8,39,34,76,2 52,36,75,71,1 99,30,127,66,0 147,26,174,63,8 193,17,219,52,0 243,14,269,45,2
G:\data_stored\nature_train\000045.png 11,10,42,72,2 73,20,107,76,2 146,26,180,83,5 213,27,252,87,2 285,32,324,91,9 360,36,390,87,1
G:\data_stored\nature_train\000046.png 13,1,44,52,2 70,4,101,56,8 129,4,154,57,8 186,8,213,58,9 240,8,271,59,0 300,9,328,62,3
G:\data_stored\nature_train\000047.png 22,5,53,65,2 83,9,115,66,9 149,6,179,65,3 210,7,243,68,5 271,7,303,64,2 338,10,367,66,8
G:\data_stored\nature_train\000048.png 8,7,25,38,3 48,6,67,38,0 91,4,107,37,1 134,4,152,39,4 175,7,192,38,6 217,6,234,37,8
G:\data_stored\nature_train\000049.png 21,15,38,43,0 55,18,73,47,4 88,16,105,44,8 120,16,138,44,2 152,18,170,45,0 184,10,202,33,0
G:\data_stored\nature_train\000050.png 1,8,18,39,7 37,4,55,35,2 71,5,90,35,5 105,4,123,33,1 142,17,159,39,7 177,11,198,39,0
G:\data_stored\nature_train\000051.png 19,12,43,48,0 71,12,93,48,8 114,9,137,44,4 160,9,183,44,9 200,8,230,44,5 251,18,274,49,7
G:\data_stored\nature_train\000052.png 9,5,31,38,4 46,9,64,39,9 80,9,100,40,0 115,11,134,41,8 153,13,168,41,1 190,10,209,38,5
G:\data_stored\nature_train\000053.png 7,16,29,44,0 45,15,63,44,5 84,13,102,44,1 123,15,141,44,6 164,12,181,44,1 204,3,227,35,5
G:\data_stored\nature_train\000054.png 10,11,45,75,5 76,14,111,78,5 142,17,177,81,4 209,17,241,81,2 275,17,306,79,0 350,26,380,86,8
G:\data_stored\nature_train\000055.png 11,1,36,44,6 62,1,96,46,2 118,3,148,50,5 171,4,201,51,7 225,9,250,55,4 278,9,306,53,0
G:\data_stored\nature_train\000056.png 11,13,48,58,7 71,11,106,53,0 134,14,168,60,9 198,12,230,60,5 265,13,298,63,6 338,2,369,47,4
G:\data_stored\nature_train\000057.png 4,3,14,19,0 22,4,34,20,9 42,5,53,23,4 60,6,72,24,7 79,5,91,23,0
G:\data_stored\nature_train\000058.png 10,9,22,27,0 31,9,43,28,5 53,9,63,27,7 74,10,86,28,8 97,10,108,27,4 120,7,131,22,4
G:\data_stored\nature_train\000059.png 11,17,33,56,8 50,15,75,55,2 93,14,119,50,8 138,12,166,51,9 186,13,211,53,2 233,14,258,54,0
G:\data_stored\nature_train\000060.png 11,12,49,66,8 79,7,110,64,3 144,16,178,67,2 213,17,244,65,6 284,10,311,65,1 362,7,393,57,4
G:\data_stored\nature_train\000061.png 21,11,56,67,9 83,11,114,66,0 146,10,181,70,6 212,4,248,64,6 284,9,320,64,9 363,1,397,63,2
G:\data_stored\nature_train\000062.png 9,17,37,69,9 71,25,98,68,2 132,27,159,67,1 193,23,226,70,0 258,23,289,69,6 323,19,354,68,7
G:\data_stored\nature_train\000063.png 6,6,26,34,9 36,4,56,32,2 72,2,88,34,9 103,3,120,30,9 137,1,155,32,2 174,3,192,35,6
G:\data_stored\nature_train\000064.png 10,6,39,48,9 74,8,106,50,5 132,9,174,54,8 194,10,225,51,2 249,7,286,49,2
G:\data_stored\nature_train\000065.png 4,1,35,45,0 59,2,89,47,4 108,2,140,48,3 156,1,187,41,8 209,1,237,41,7 260,1,290,42,3
G:\data_stored\nature_train\000066.jpg 11,121,114,281,7 180,120,310,274,5 384,127,475,285,1 575,138,686,297,3 769,116,866,269,9
G:\data_stored\nature_train\000067.jpg 58,22,85,52,7 100,22,124,53,8 144,22,168,56,8 187,23,211,58,4 232,20,258,58,2 276,35,298,63,5
G:\data_stored\nature_train\000068.jpg 62,23,84,56,7 100,25,117,57,9 135,27,151,56,1 167,28,184,57,9 204,28,220,57,0 236,35,256,58,5
G:\data_stored\nature_train\000069.jpg 36,45,57,87,1 81,44,111,88,6 134,43,163,86,7 190,40,213,84,1 242,42,266,83,1 298,47,326,86,0
G:\data_stored\nature_train\000070.jpg 64,22,83,55,8 98,23,119,56,7 137,21,154,53,4 176,20,191,53,1 212,23,230,53,8 258,25,275,57,8
G:\data_stored\nature_train\000071.jpg 53,19,79,70,7 107,15,130,63,1 158,14,183,62,7 205,12,226,56,8 250,13,268,54,3 291,10,311,40,8
G:\data_stored\nature_train\000072.jpg 52,30,77,68,0 109,32,135,69,3 165,36,189,71,3 222,34,249,69,7 279,35,306,70,3 341,26,368,59,4
G:\data_stored\nature_train\000073.jpg 46,43,82,100,8 107,45,145,103,9 183,40,211,97,1 247,43,288,102,6 328,37,358,98,1 405,40,437,100,1
G:\data_stored\nature_train\000074.jpg 41,39,75,86,7 96,40,127,89,4 157,42,188,89,9 224,39,250,88,9 279,43,318,96,5 351,41,382,88,2
G:\data_stored\nature_train\000075.jpg 143,71,167,112,8 188,71,213,107,0 230,73,255,107,5 277,72,302,109,8 324,74,349,111,4 374,75,398,114,3
G:\data_stored\nature_train\000076.jpg 27,58,43,88,1 62,60,85,91,8 103,59,121,88,8 141,57,163,89,2 178,59,198,88,1 220,67,239,96,8
G:\data_stored\nature_train\000077.jpg 51,44,63,67,8 73,40,88,65,5 100,35,113,60,7 128,30,140,52,4 157,24,168,49,1 184,26,198,48,9
G:\data_stored\nature_train\000078.jpg 80,130,139,226,3 189,109,250,197,6 290,82,356,171,2 397,71,455,150,5 491,50,546,135,5 580,29,638,109,5
G:\data_stored\nature_train\000079.jpg 22,17,48,57,6 70,18,95,59,6 123,23,147,62,9 173,22,196,69,2 219,31,247,70,6 277,43,299,80,4
G:\data_stored\nature_train\000080.jpg 61,27,90,74,2 115,34,142,77,3 163,34,196,79,5 215,34,246,78,6 269,33,293,83,1
G:\data_stored\nature_train\000081.jpg 90,63,118,111,1 144,65,181,109,4 204,61,239,110,5 257,59,297,107,0 322,56,353,104,3 383,54,413,100,8
G:\data_stored\nature_train\000082.jpg 129,57,173,124,2 211,58,253,122,9 296,55,340,124,6 381,52,423,118,3 459,54,505,115,9 551,69,588,124,8
G:\data_stored\nature_train\000083.jpg 48,45,72,87,1 95,47,126,89,0 150,50,176,91,5 202,53,228,91,8 252,55,279,92,3 303,56,329,93,3
G:\data_stored\nature_train\000084.jpg 199,95,231,147,4 261,98,294,151,5 321,104,355,155,6 382,101,419,155,6 442,97,480,149,2 513,92,532,133,1
G:\data_stored\nature_train\000085.jpg 97,54,127,101,4 150,57,183,103,8 211,53,238,99,3 264,55,293,102,5 323,53,347,97,1
G:\data_stored\nature_train\000086.jpg 36,42,80,106,4 110,45,150,108,2 183,50,223,113,2 259,55,297,119,7 339,54,372,121,7
G:\data_stored\nature_train\000087.jpg 43,67,95,144,4 135,72,188,145,2 234,72,283,146,2 324,76,369,147,7 422,91,465,149,7 523,85,565,147,0
G:\data_stored\nature_train\000088.jpg 54,93,100,164,4 129,88,172,155,8 211,93,248,163,9 295,90,328,164,1 371,91,411,161,3 464,65,507,129,6
G:\data_stored\nature_train\000089.jpg 63,46,90,86,6 110,48,135,89,9 162,46,187,89,7 216,39,236,83,1 265,38,294,80,4
G:\data_stored\nature_train\000090.jpg 106,47,144,111,8 186,52,221,115,1 264,64,300,127,3 337,69,373,133,7 408,77,449,134,5 484,57,519,108,8
G:\data_stored\nature_train\000091.jpg 60,86,95,140,8 121,83,155,139,7 186,76,215,132,1 249,66,285,124,8 326,57,362,117,7 401,53,439,106,8
G:\data_stored\nature_train\000092.jpg 25,25,40,48,9 52,23,65,44,2 79,21,91,42,4 102,19,119,42,9 132,8,145,28,6 161,5,175,24,9
G:\data_stored\nature_train\000093.jpg 53,36,67,57,2 81,34,94,58,1 108,35,122,57,9 133,34,148,58,6 162,34,175,57,7 190,38,205,60,9
G:\data_stored\nature_train\000094.jpg 14,16,29,41,7 38,17,52,40,7 64,16,78,41,7 90,19,102,40,8 115,17,128,42,0 148,15,157,34,1
G:\data_stored\nature_train\000095.jpg 48,37,65,70,8 80,36,100,68,4 117,34,134,66,7 150,32,170,66,7 185,30,205,62,0 229,27,247,61,3
G:\data_stored\nature_train\000096.jpg 73,81,102,123,7 134,89,159,128,6 185,90,214,130,6 242,91,272,132,7 301,86,329,129,0 358,85,384,121,1
G:\data_stored\nature_train\000097.jpg 178,83,217,138,9 251,83,287,143,9 318,88,361,146,9 395,84,436,144,0 463,88,503,149,7 539,95,579,156,3
G:\data_stored\nature_train\000098.jpg 87,35,130,88,0 147,35,188,87,2 210,33,251,85,0 269,38,314,91,9 330,40,371,98,5 395,42,435,94,3
G:\data_stored\nature_train\000099.jpg 58,22,90,58,0 104,23,132,60,3 150,22,178,57,8 198,27,225,63,6 241,29,269,64,5 286,31,311,65,5
G:\data_stored\nature_train\000100.jpg 24,15,38,35,0 50,16,62,34,8 73,16,86,36,2 99,23,111,42,4 120,23,133,43,0 146,24,158,41,0
G:\data_stored\nature_train\000101.jpg 52,11,76,45,0 94,15,115,51,9 137,11,155,46,7 173,16,195,51,9 213,16,234,51,8 255,16,275,50,8
G:\data_stored\nature_train\000102.jpg 90,10,114,67,1 149,14,184,71,0 213,25,243,80,6 270,27,299,86,5 326,36,357,90,6
G:\data_stored\nature_train\000103.jpg 36,11,51,39,1 72,11,91,40,0 109,14,127,43,6 143,14,162,44,5 179,15,197,45,6
G:\data_stored\nature_train\000104.jpg 22,36,41,67,1 55,41,74,64,4 93,32,112,62,0 129,34,146,62,4 165,34,184,60,9
G:\data_stored\nature_train\000105.jpg 121,40,140,78,1 162,41,183,77,5 204,39,223,74,2 244,36,266,73,8
G:\data_stored\nature_train\000106.jpg 102,42,139,102,2 173,40,209,100,0 244,44,273,101,2 307,48,340,102,6 370,49,405,106,7
G:\data_stored\nature_train\000107.jpg 29,61,84,162,2 142,68,189,165,1 254,66,313,162,3 368,57,426,162,5 487,58,546,154,5 609,49,668,148,2
G:\data_stored\nature_train\000108.jpg 77,33,106,78,2 132,34,162,82,6 185,38,220,83,2 244,39,272,85,0 295,44,328,89,3 352,45,382,92,6
G:\data_stored\nature_train\000109.jpg 70,49,92,93,2 110,48,139,91,7 162,49,188,91,6 206,44,235,88,5 257,45,284,88,5
G:\data_stored\nature_train\000110.jpg 58,44,88,78,0 102,57,129,85,8 150,62,172,90,0 196,45,220,81,8 242,47,259,80,1 287,43,309,77,8
G:\data_stored\nature_train\000111.jpg 81,52,138,145,4 207,53,247,143,1 317,52,379,148,2 440,62,503,165,5 565,63,637,151,2 703,91,770,192,4
G:\data_stored\nature_train\000112.jpg 39,31,55,57,4 70,32,87,55,9 102,32,118,55,4 132,33,150,55,9 164,31,182,52,4
G:\data_stored\nature_train\000113.jpg 9,35,31,65,7 47,32,68,61,5 80,29,99,62,7 118,22,141,52,2 152,16,175,48,0 192,13,214,46,5
G:\data_stored\nature_train\000114.jpg 122,114,178,203,8 238,113,283,209,1 343,124,397,203,8 439,124,510,200,5 559,119,612,204,9 664,115,725,200,8
G:\data_stored\nature_train\000115.jpg 160,81,204,169,1 270,78,321,164,3 377,79,435,165,0 491,75,545,168,0 601,79,662,167,9 712,114,765,181,8
G:\data_stored\nature_train\000116.jpg 166,75,189,114,6 211,72,236,112,9 252,72,278,112,2 298,71,320,112,6 343,71,367,111,2 390,67,415,104,6
G:\data_stored\nature_train\000117.jpg 69,27,97,71,8 120,23,151,69,6 176,21,201,64,6 228,21,257,64,8 287,34,313,70,6 347,31,374,70,0
G:\data_stored\nature_train\000118.jpg 68,26,87,68,1 113,25,141,64,3 159,25,190,64,9 218,22,243,61,2 266,16,294,58,0
G:\data_stored\nature_train\000119.jpg 233,28,284,118,3 326,39,379,127,0 426,43,474,139,8 527,52,576,143,2 638,56,675,153,1 736,103,796,183,9
G:\data_stored\nature_train\000120.jpg 75,55,138,146,7 181,46,236,132,4 283,46,340,135,8 393,42,449,138,6 500,30,552,118,7 625,31,683,123,9
G:\data_stored\nature_train\000121.jpg 37,26,62,65,8 82,20,110,58,3 134,22,158,61,0 182,20,205,63,5 232,18,254,59,1
G:\data_stored\nature_train\000122.jpg 68,34,95,78,9 129,32,149,79,1 173,32,200,78,4 230,35,246,84,1 282,37,309,86,0 336,33,368,74,0
G:\data_stored\nature_train\000123.jpg 170,48,206,96,0 228,48,263,98,0 291,46,320,99,7 347,47,382,95,6 410,56,438,103,8 473,59,505,105,0
G:\data_stored\nature_train\000124.jpg 47,29,80,81,0 96,29,127,83,7 147,24,183,75,2 206,22,234,73,1 250,22,287,70,6 311,23,345,69,4
G:\data_stored\nature_train\000125.jpg 92,12,116,64,1 137,16,167,65,6 189,21,218,65,8 237,24,269,68,6 288,23,319,73,5 347,18,377,56,3
G:\data_stored\nature_train\000126.jpg 221,91,272,165,2 301,82,348,158,3 382,85,428,157,8 468,75,508,161,1 550,77,590,154,9 640,63,683,130,4
G:\data_stored\nature_train\000127.jpg 126,80,155,132,1 190,80,226,127,3 252,80,289,131,4 317,85,354,134,9 389,80,417,127,3 451,68,484,114,7
G:\data_stored\nature_train\000128.jpg 145,94,178,153,1 221,90,258,150,2 290,93,330,152,6 365,93,402,158,7 439,90,478,149,4 522,77,564,130,3
G:\data_stored\nature_train\000129.jpg 177,105,226,208,1 293,103,345,210,6 414,108,476,212,9 541,112,594,216,7 667,103,724,206,3 815,145,867,235,7
G:\data_stored\nature_train\000130.jpg 68,36,78,57,2 89,34,101,54,3 111,34,123,53,5 132,34,146,54,9 155,33,170,52,9 180,34,194,52,9
G:\data_stored\nature_train\000131.jpg 87,56,104,77,0 114,53,128,77,0 141,53,156,74,6 168,52,184,73,4 195,51,209,74,8 223,51,239,74,2
G:\data_stored\nature_train\000132.jpg 1,66,83,206,3 146,74,232,198,3 317,80,392,191,3 468,81,545,203,9 638,77,698,204,1 840,56,879,195,1
G:\data_stored\nature_train\000133.jpg 131,84,175,144,4 211,86,244,147,1 287,82,331,147,5 364,77,408,143,9 437,96,485,159,4 523,106,568,160,0
G:\data_stored\nature_train\000134.jpg 218,122,262,183,4 307,122,347,192,8 389,120,431,185,4 474,114,516,193,7 563,113,611,189,8
G:\data_stored\nature_train\000135.jpg 226,44,261,101,5 290,49,313,106,1 346,46,376,105,5 404,52,442,110,9 466,47,508,109,0 544,46,578,102,4
G:\data_stored\nature_train\000136.jpg 122,65,172,140,5 208,65,259,138,4 286,66,336,140,7 373,64,417,133,5 452,68,493,140,8 545,65,590,140,8
G:\data_stored\nature_train\000137.jpg 108,67,143,129,6 185,69,211,131,1 258,67,285,132,1 326,73,362,142,2 398,65,440,133,0 481,74,523,141,0
G:\data_stored\nature_train\000138.jpg 89,32,111,64,7 130,29,153,66,5 169,28,189,63,8 209,29,226,60,9 246,28,269,60,6 290,24,312,61,7
G:\data_stored\nature_train\000139.jpg 175,76,212,136,7 248,76,284,139,8 323,74,357,139,3 398,74,434,136,3 475,75,510,135,3 556,99,587,156,1
G:\data_stored\nature_train\000140.jpg 163,57,181,83,8 193,56,206,81,1 221,53,238,80,5 251,49,269,80,2 280,50,301,81,5 317,59,334,87,6
G:\data_stored\nature_train\000141.jpg 73,50,107,104,8 146,45,179,97,4 218,43,255,103,6 298,41,328,100,1 370,37,412,100,6 461,59,497,113,7
G:\data_stored\nature_train\000142.jpg 104,77,129,119,8 157,73,183,117,7 210,70,234,114,9 264,67,292,109,9 315,61,344,99,3
G:\data_stored\nature_train\000143.jpg 139,72,171,126,9 202,70,230,126,1 267,68,290,120,3 323,68,352,125,8 385,63,416,122,8 462,71,480,130,1
G:\data_stored\nature_train\000144.jpg 216,83,241,127,9 260,80,289,126,5 309,71,339,117,3 363,65,388,115,4 413,60,437,106,4 471,58,502,108,8
G:\data_stored\nature_train\000145.jpg 215,99,238,150,1 274,95,299,146,1 333,95,360,147,9 392,94,423,141,4 451,89,487,142,2 522,103,552,152,3
G:\data_stored\nature_train\000146.jpg 81,39,98,65,2 110,38,125,62,3 137,40,152,64,6 165,38,181,64,9 194,40,210,62,8 225,47,241,69,9
G:\data_stored\nature_train\000147.jpg 110,76,130,107,2 144,74,163,106,6 177,72,195,102,9 212,69,232,102,9 246,68,266,101,8 285,63,306,95,4
G:\data_stored\nature_train\000148.jpg 102,32,116,53,3 125,30,142,52,0 151,31,167,53,9 175,29,193,52,0 203,30,218,51,4 235,44,248,62,8
G:\data_stored\nature_train\000149.jpg 103,66,124,97,3 138,61,161,98,7 175,54,198,89,3 216,49,230,84,1 249,43,273,80,6 292,36,316,74,5
G:\data_stored\nature_train\000150.jpg 73,44,90,69,4 100,42,122,68,5 131,38,153,65,3 162,35,184,63,2 195,32,215,59,4 230,31,250,61,5
G:\data_stored\nature_train\000151.jpg 64,22,75,40,4 83,21,95,41,7 100,20,115,42,7 123,19,136,40,9 144,19,157,37,4 168,16,180,36,0
G:\data_stored\nature_train\000152.jpg 67,38,83,61,5 90,35,106,59,3 117,34,132,58,7 142,33,155,57,9 168,31,183,53,1 196,28,213,53,2
G:\data_stored\nature_train\000153.jpg 75,34,90,53,5 97,32,110,51,5 119,32,133,51,9 140,29,154,49,3 159,27,176,47,5 187,35,201,52,7
G:\data_stored\nature_train\000154.jpg 135,40,156,75,5 172,42,194,75,8 211,40,235,73,3 253,39,271,79,2 293,40,313,79,8
G:\data_stored\nature_train\000155.jpg 204,89,249,160,3 296,87,335,165,4 382,85,426,162,5 467,89,507,166,8 643,91,687,138,9 558,91,598,135,4
G:\data_stored\nature_train\000156.jpg 126,59,160,113,3 192,60,219,118,7 259,60,285,118,0 324,59,348,115,1 386,60,419,113,9 456,64,486,116,9
G:\data_stored\nature_train\000157.jpg 256,97,291,159,4 338,95,378,166,5 422,95,462,173,0 511,104,547,174,1 591,106,632,173,3 676,110,721,182,6
G:\data_stored\nature_train\000158.jpg 45,37,65,68,0 82,38,103,67,6 117,38,137,67,6 154,40,171,66,0 189,40,205,66,1 224,40,244,69,8
G:\data_stored\nature_train\000159.jpg 132,76,179,137,2 206,81,245,134,8 270,83,306,137,9 341,84,374,138,3 410,94,442,148,6 481,98,511,149,0
G:\data_stored\nature_train\000160.jpg 243,88,279,150,4 321,88,360,147,2 396,88,435,150,8 474,86,510,151,5 551,85,593,153,6
G:\data_stored\nature_train\000161.jpg 48,148,124,275,7 201,161,272,288,6 342,159,422,290,0 498,166,558,286,1 648,169,718,292,9 781,190,854,311,4
G:\data_stored\nature_train\000162.jpg 32,21,45,40,1 56,22,70,40,3 80,21,94,40,4 104,21,119,39,6 128,20,141,40,2 152,21,166,39,5
G:\data_stored\nature_train\000163.jpg 178,25,200,63,2 222,35,249,66,6 274,39,297,68,6 323,39,348,69,5 371,41,395,72,5 420,45,443,77,9
G:\data_stored\nature_train\000164.jpg 77,34,98,65,2 117,41,137,66,9 158,42,177,68,1 203,39,223,70,2 241,43,263,72,1 283,39,306,65,5
G:\data_stored\nature_train\000165.jpg 76,33,92,53,3 107,30,120,52,1 139,32,156,52,9 173,29,187,51,9 205,30,221,49,4 236,24,253,44,3
G:\data_stored\nature_train\000166.jpg 167,81,215,173,1 280,93,336,183,7 403,113,455,188,9 517,117,572,194,4 637,124,691,199,6 758,107,814,191,8
G:\data_stored\nature_train\000167.jpg 131,46,186,121,4 228,45,282,122,4 328,47,379,126,2 427,49,480,132,5 530,54,577,128,6 625,70,678,148,5
G:\data_stored\nature_train\000168.jpg 136,72,163,115,6 187,64,215,113,8 243,72,266,116,1 298,66,325,113,6 352,69,379,114,2 408,55,432,104,1
G:\data_stored\nature_train\000169.jpg 109,28,152,83,7 176,35,221,88,4 245,35,283,90,7 313,40,345,90,8 374,43,409,95,8 440,63,469,110,6
G:\data_stored\nature_train\000170.jpg 151,36,183,91,7 216,47,256,105,9 288,52,325,105,2 357,56,390,107,4 421,60,454,111,3
G:\data_stored\nature_train\000171.jpg 63,22,77,45,8 94,23,107,44,3 122,22,137,42,3 153,19,168,40,2 182,19,199,40,2 214,12,229,34,6
G:\data_stored\nature_train\000172.jpg 113,40,137,71,9 157,39,179,70,7 198,38,221,68,9 244,36,266,66,5 288,35,311,64,7 337,24,364,61,7
G:\data_stored\nature_train\000173.jpg 83,25,95,44,0 108,27,122,44,5 136,28,147,45,6 160,24,175,43,2 186,25,199,43,8 209,20,224,40,7
G:\data_stored\nature_train\000174.jpg 15,11,28,33,2 42,15,55,37,2 66,18,81,40,7 95,17,108,39,1 122,18,137,39,2 149,14,161,35,8
G:\data_stored\nature_train\000175.jpg 39,35,64,71,0 87,38,112,75,4 139,35,163,70,2 187,47,210,80,3 237,43,263,78,0 288,45,313,80,0
G:\data_stored\nature_train\000176.jpg 19,49,47,90,0 69,54,99,92,5 126,59,151,92,0 180,58,203,93,3 233,61,260,96,0 289,71,312,95,0
G:\data_stored\nature_train\000177.jpg 77,48,94,70,0 112,45,133,70,5 154,45,173,70,8 195,44,214,70,2 233,43,256,70,9 276,41,295,70,6
G:\data_stored\nature_train\000178.jpg 76,31,94,60,0 110,30,127,61,6 144,30,163,61,6 182,31,200,63,3 218,34,238,63,0 252,36,273,64,0
G:\data_stored\nature_train\000179.jpg 17,31,39,69,0 59,31,85,69,7 107,31,132,69,4 152,31,174,69,2 199,35,224,70,9 245,35,268,70,8
G:\data_stored\nature_train\000180.jpg 104,47,126,78,0 144,46,168,78,8 189,45,211,77,2 231,44,254,79,2 275,45,300,78,9 319,45,344,79,0
G:\data_stored\nature_train\000181.jpg 96,42,117,73,0 137,42,158,74,9 179,43,200,75,0 219,44,239,76,2 260,45,282,76,7 302,45,324,77,5
G:\data_stored\nature_train\000182.jpg 153,46,182,83,0 202,44,228,83,9 250,42,276,82,8 300,44,325,81,2 351,44,374,82,6 399,45,424,82,8
G:\data_stored\nature_train\000183.jpg 106,40,131,77,0 153,39,178,77,9 202,37,227,76,8 252,38,276,77,2 300,39,327,78,6 351,40,376,79,8
G:\data_stored\nature_train\000184.jpg 155,50,181,88,0 201,49,228,87,9 253,47,277,87,8 301,47,326,85,2 351,47,374,86,6 400,49,426,89,8
G:\data_stored\nature_train\000185.jpg 17,42,36,78,1 61,41,88,78,4 111,39,136,78,1 157,44,185,78,4 207,44,234,78,7 259,42,282,79,0
G:\data_stored\nature_train\000186.jpg 80,22,97,50,1 117,23,133,48,8 151,22,169,47,8 187,20,206,46,5 222,20,242,45,3 261,9,278,31,0
G:\data_stored\nature_train\000187.jpg 228,73,268,131,2 304,71,346,127,1 387,64,428,124,7 464,63,508,120,9 544,58,590,112,4 628,45,665,100,1
G:\data_stored\nature_train\000188.jpg 214,44,262,110,2 293,47,334,110,4 370,49,415,110,9 444,47,490,108,7 513,44,561,107,1 604,33,643,84,2
G:\data_stored\nature_train\000189.jpg 70,16,90,42,3 105,16,123,42,5 138,14,154,40,1 170,17,190,43,6 202,16,222,42,0 234,24,251,45,9
G:\data_stored\nature_train\000190.jpg 107,48,157,118,4 193,51,241,119,3 286,47,333,119,8 370,50,416,117,3 462,51,509,120,3
G:\data_stored\nature_train\000191.jpg 145,48,186,113,4 234,52,275,120,9 317,52,360,120,2 400,56,445,122,3 480,61,531,126,6 567,41,619,105,4
G:\data_stored\nature_train\000192.jpg 153,29,182,80,5 210,30,242,79,5 267,30,299,80,7 329,31,359,80,2 387,32,418,81,2 443,56,478,88,7
G:\data_stored\nature_train\000193.jpg 38,19,82,88,1 109,29,153,92,5 185,27,229,91,0 261,27,308,89,0 342,29,384,95,1 432,27,471,94,1
G:\data_stored\nature_train\000194.jpg 38,31,73,81,2 100,30,130,80,2 165,40,197,89,4 227,32,262,84,0 293,32,328,83,2 370,30,404,85,7
G:\data_stored\nature_train\000195.jpg 94,44,137,102,2 164,49,207,108,5 243,54,280,108,6 305,47,342,107,1 386,61,419,112,2 463,60,504,115,0
G:\data_stored\nature_train\000196.jpg 85,5,103,32,8 115,10,134,36,4 148,13,165,38,8 179,17,197,45,6 212,22,229,49,3 247,28,263,54,1
G:\data_stored\nature_train\000197.jpg 86,76,120,130,7 159,82,195,133,6 231,86,268,137,5 305,85,345,137,0 382,86,415,139,0 448,106,485,145,0
G:\data_stored\nature_train\000198.jpg 108,35,131,67,8 147,37,167,72,9 186,38,209,74,9 229,44,250,78,6 272,30,295,65,5 316,26,340,60,9
G:\data_stored\nature_train\000199.jpg 95,33,130,84,5 154,34,199,84,5 223,31,261,79,0 285,26,321,79,0 349,26,381,77,0 413,52,442,93,9
G:\data_stored\nature_train\000200.jpg 151,62,184,120,1 221,60,264,116,0 297,52,335,110,4 373,52,410,104,2 444,45,489,103,3 524,44,566,97,2
G:\data_stored\nature_train\000201.jpg 74,9,88,29,0 103,8,116,28,8 131,8,144,30,4 159,8,171,28,8 187,8,198,29,1 214,19,227,34,8
G:\data_stored\nature_train\000202.jpg 80,33,101,68,1 122,36,148,71,0 164,40,184,76,1 204,43,229,78,7 245,46,271,81,0 290,44,313,79,7
G:\data_stored\nature_train\000203.jpg 138,22,162,78,1 190,30,219,86,1 241,35,271,89,9 290,52,319,100,4 345,44,375,100,8 395,57,420,103,3
G:\data_stored\nature_train\000204.jpg 88,30,122,89,6 154,35,188,87,8 223,48,252,104,5 286,57,319,109,9 347,66,385,119,5 412,63,450,113,5
G:\data_stored\nature_train\000205.jpg 97,44,135,106,7 166,50,203,110,5 235,51,274,109,2 305,54,340,112,8 369,60,410,120,2 443,84,477,133,2
G:\data_stored\nature_train\000206.jpg 62,55,99,108,8 130,51,165,106,2 194,52,229,106,2 260,60,291,112,3 319,60,356,111,5 387,48,422,101,4
G:\data_stored\nature_train\000207.jpg 53,29,70,56,9 84,35,103,63,7 114,36,132,63,8 146,37,163,65,8 176,42,195,67,8 209,43,227,70,8
G:\data_stored\nature_train\000208.jpg 35,38,57,73,2 71,36,92,71,0 107,36,131,72,2 146,38,165,72,0 184,40,205,73,8 227,32,239,65,1
G:\data_stored\nature_train\000209.jpg 29,42,54,80,2 69,46,93,84,5 114,42,137,82,8 157,46,178,86,0 199,52,223,90,5 244,56,268,90,9
G:\data_stored\nature_train\000210.jpg 68,21,87,49,4 97,19,116,49,0 125,24,146,53,2 157,28,177,60,6 188,35,209,65,4
G:\data_stored\nature_train\000211.jpg 30,35,51,70,6 67,38,88,70,4 106,38,126,75,7 141,34,161,69,2 179,38,198,72,8 216,49,232,76,5
G:\data_stored\nature_train\000212.jpg 120,62,155,109,0 180,59,222,111,4 245,53,285,104,0 312,50,351,100,2 374,51,412,102,9
G:\data_stored\nature_train\000213.jpg 28,87,63,136,0 96,92,136,140,4 169,92,203,141,4 241,89,273,140,8 306,89,343,141,8 379,77,412,133,7
G:\data_stored\nature_train\000214.jpg 83,69,136,144,0 176,75,230,146,5 271,65,324,144,2 368,74,419,149,5 458,75,502,149,1 548,77,597,143,4
G:\data_stored\nature_train\000215.jpg 263,58,303,109,0 323,57,357,107,6 380,46,416,97,0 438,40,481,90,2 498,38,537,87,9 560,26,596,73,8
G:\data_stored\nature_train\000216.jpg 22,16,49,58,0 73,19,99,59,8 124,18,152,58,4 179,16,208,58,4 233,12,260,54,0 288,4,320,46,2
G:\data_stored\nature_train\000217.jpg 138,73,184,140,3 233,77,281,143,3 327,69,376,144,8 426,54,476,119,3 522,86,571,150,4 616,85,660,148,3
G:\data_stored\nature_train\000218.jpg 162,31,192,74,4 217,34,242,72,8 267,36,298,74,2 319,57,344,83,7 372,33,398,74,2 422,54,449,83,5
G:\data_stored\nature_train\000219.jpg 150,22,177,68,4 202,23,231,66,8 255,22,284,67,2 309,52,334,76,7 360,22,394,67,2 414,44,441,74,5
G:\data_stored\nature_train\000220.jpg 95,71,130,126,4 156,86,194,133,7 224,90,260,134,4 289,92,320,137,3 356,87,388,141,1 420,86,454,135,8
G:\data_stored\nature_train\000221.jpg 66,35,96,74,5 119,39,148,80,9 174,41,202,85,2 227,46,255,89,4 282,45,310,86,7 343,64,360,93,1 341,34,364,63,0
G:\data_stored\nature_train\000222.jpg 61,18,106,93,3 154,15,203,92,6 250,12,299,93,2 352,14,394,93,5 447,13,493,90,5 543,9,589,90,5
G:\data_stored\nature_train\000223.jpg 95,26,117,61,4 131,28,156,60,7 168,30,187,61,3 203,29,224,59,0 243,28,263,58,8
G:\data_stored\nature_train\000224.jpg 1,14,17,38,0 27,12,41,35,1 55,15,70,36,3 81,12,96,35,0 108,14,122,35,5 135,7,147,28,0
G:\data_stored\nature_train\000225.jpg 73,12,88,34,0 103,15,115,36,3 127,14,140,37,0 154,15,167,36,0 178,19,193,38,4 205,24,218,44,2
G:\data_stored\nature_train\000226.jpg 74,20,91,48,0 108,22,126,50,4 140,22,159,50,3 174,22,190,49,4 207,20,224,50,5 238,23,255,50,3
G:\data_stored\nature_train\000227.jpg 64,18,82,46,0 95,19,109,48,7 125,19,142,48,5 155,20,172,47,4 185,14,201,37,0 212,13,229,38,9
G:\data_stored\nature_train\000228.jpg 122,16,143,47,0 160,17,179,49,9 199,19,218,52,4 235,22,257,52,4 272,19,294,54,9 310,14,330,45,7
G:\data_stored\nature_train\000229.jpg 155,54,198,117,3 230,53,275,112,5 306,49,352,107,8 387,52,427,116,3 458,50,501,107,0 536,38,575,96,4
G:\data_stored\nature_train\000230.jpg 16,44,54,114,1 82,36,127,106,2 153,50,204,118,6 233,45,279,113,5 316,45,360,113,9 404,57,443,119,9
G:\data_stored\nature_train\000231.jpg 58,58,88,104,2 116,61,147,104,2 178,54,209,100,4 238,54,273,101,2 298,46,336,94,0 367,31,396,74,5
G:\data_stored\nature_train\000232.jpg 115,52,146,99,5 174,58,206,102,8 233,63,262,111,7 293,62,319,107,7 350,59,384,105,2 412,83,441,125,3
G:\data_stored\nature_train\000233.jpg 114,24,139,52,1 155,20,174,51,0 192,18,207,47,1 225,20,244,48,9 261,20,280,50,0 296,27,312,52,6
G:\data_stored\nature_train\000234.jpg 51,55,81,100,8 104,60,137,103,6 158,62,186,106,9 211,62,236,107,0 264,72,288,113,9
G:\data_stored\nature_train\000235.jpg 49,25,71,61,9 91,28,112,61,0 135,31,155,66,4 180,36,201,69,7 218,32,244,69,9 262,45,284,72,9
G:\data_stored\nature_train\000236.jpg 39,27,78,78,9 108,30,143,80,1 176,37,214,93,7 240,34,271,85,1 304,40,340,89,8 376,23,406,71,2
G:\data_stored\nature_train\000237.jpg 35,26,77,96,5 120,27,165,91,9 211,28,253,93,7 299,22,336,88,0 391,25,427,90,3 477,36,517,89,5
G:\data_stored\nature_train\000238.jpg 41,18,80,80,5 131,20,169,82,9 217,17,258,81,7 303,11,344,79,0 396,11,427,77,3 483,26,519,76,5
G:\data_stored\nature_train\000239.jpg 25,42,43,78,6 68,40,87,78,1 109,44,130,79,0 154,45,174,81,0 198,46,219,83,0 243,51,263,83,6
G:\data_stored\nature_train\000240.jpg 32,22,56,58,6 89,24,112,59,3 144,23,170,60,3 201,30,225,62,4 256,31,279,66,4 310,34,334,67,7
G:\data_stored\nature_train\000241.jpg 19,26,43,66,6 86,21,107,64,4 147,20,171,65,1 211,24,237,66,9 272,26,299,65,5
G:\data_stored\nature_train\000242.jpg 27,15,52,53,6 86,18,112,53,5 144,19,169,55,0 198,22,226,57,4 256,26,278,60,4 307,20,332,59,6
G:\data_stored\nature_train\000243.jpg 39,60,76,123,6 128,72,168,127,6 221,74,262,133,7 316,76,355,133,0 408,87,450,139,2 500,84,548,145,0
G:\data_stored\nature_train\000244.jpg 19,22,41,57,6 62,21,81,56,7 103,24,124,57,9 146,28,162,57,4 184,27,209,57,0 227,15,249,50,6
G:\data_stored\nature_train\000245.jpg 7,19,35,52,8 48,19,70,54,1 85,20,111,53,3 124,20,146,53,1 167,24,189,55,3 208,22,228,54,0
G:\data_stored\nature_train\000246.jpg 37,87,57,120,9 74,90,93,119,0 110,91,132,120,8 151,91,170,120,3 190,91,206,120,1 229,93,249,119,4
G:\data_stored\nature_train\000247.jpg 69,85,93,123,9 120,83,147,122,5 169,81,197,123,6 219,82,246,119,3 272,80,298,118,2 328,75,359,119,5
G:\data_stored\nature_train\000248.jpg 34,53,52,80,2 68,52,86,80,4 99,53,119,80,2 133,52,154,81,4 170,54,187,79,8 204,47,220,71,6
G:\data_stored\nature_train\000249.jpg 36,82,57,116,3 82,84,102,117,2 127,82,149,117,8 171,82,191,119,6 214,85,234,122,0 257,90,282,120,7
G:\data_stored\nature_train\000250.jpg 53,61,74,94,3 95,61,118,95,2 139,61,160,96,6 180,61,200,96,6 223,62,243,98,0 262,69,286,94,7
G:\data_stored\nature_train\000251.jpg 70,78,95,119,3 119,78,145,119,2 168,76,198,118,6 217,78,243,117,6 268,79,293,118,0 318,86,344,114,7
G:\data_stored\nature_train\000252.jpg 19,18,38,54,5 64,17,84,55,5 110,15,129,51,3 154,18,175,55,8 199,18,222,56,5
G:\data_stored\nature_train\000253.jpg 50,18,63,42,6 78,19,92,42,8 106,20,120,43,3 135,21,150,46,5 163,20,179,44,0 195,29,208,51,8
G:\data_stored\nature_train\000254.jpg 112,18,125,41,7 139,15,147,39,1 160,17,174,40,8 186,16,199,39,7 207,17,225,39,9 239,13,251,37,1
G:\data_stored\nature_train\000255.jpg 12,11,25,32,7 38,11,52,32,4 63,11,77,35,4 89,12,102,34,9 115,13,127,35,6 143,15,155,35,6
G:\data_stored\nature_train\000256.jpg 116,1,132,26,6 143,1,161,24,8 173,1,190,27,3 202,3,219,30,5 231,1,248,26,0 262,7,277,34,8
G:\data_stored\nature_train\000257.jpg 20,1,37,26,6 47,1,66,22,8 77,1,94,26,3 105,3,122,29,5 134,2,152,27,0 166,10,181,33,8
G:\data_stored\nature_train\000258.jpg 15,5,30,29,7 40,4,56,31,4 67,6,81,32,4 93,7,106,30,9 118,8,132,32,6 144,9,158,33,7
G:\data_stored\nature_train\000259.jpg 16,1,33,28,6 43,1,61,25,8 72,1,91,28,3 101,3,119,31,5 130,2,148,29,0 161,10,178,35,8
G:\data_stored\nature_train\000260.jpg 32,4,49,31,6 58,4,78,28,8 88,5,107,31,3 117,7,136,34,5 146,7,164,31,0 176,14,194,38,8
G:\data_stored\nature_train\000261.jpg 12,2,29,27,6 40,1,58,26,8 70,2,85,28,3 98,4,114,30,5 127,4,143,29,0 157,11,173,35,8
G:\data_stored\nature_train\000262.jpg 16,2,32,25,7 40,1,59,27,4 68,3,83,29,4 91,4,109,27,9 118,5,134,28,6 145,6,162,28,7
G:\data_stored\nature_train\000263.jpg 125,16,143,52,1 165,16,180,51,1 200,16,222,51,6 238,11,261,44,0 278,8,297,41,1 316,9,340,44,2
G:\data_stored\nature_train\000264.jpg 31,27,70,88,0 104,32,143,95,5 167,27,209,88,0 239,33,280,100,3 308,35,350,100,4 381,44,422,109,7
G:\data_stored\nature_train\000265.jpg 11,33,59,110,6 102,27,148,115,1 203,41,253,118,6 305,42,346,121,1 408,48,453,125,7 519,35,565,116,7
G:\data_stored\nature_train\000266.jpg 81,41,103,72,3 114,41,133,70,1 147,41,168,73,5 179,44,200,71,3 212,44,233,73,3 245,35,263,65,1
G:\data_stored\nature_train\000267.jpg 55,24,69,41,5 76,22,88,40,0 96,25,109,45,2 116,26,129,46,4 136,25,150,44,0 157,21,171,39,5
G:\data_stored\nature_train\000268.jpg 73,36,95,71,5 108,37,129,68,8 142,38,163,72,5 175,37,197,73,6 212,33,235,68,5 248,32,273,69,9
G:\data_stored\nature_train\000269.jpg 70,18,93,50,7 104,25,125,55,2 136,27,157,55,9 167,28,191,59,3 200,24,222,57,0 234,47,256,73,8
G:\data_stored\nature_train\000270.jpg 99,29,125,71,8 143,28,168,69,0 184,27,214,67,0 228,28,256,69,9 272,28,298,69,8 315,22,345,66,2
G:\data_stored\nature_train\000271.jpg 63,30,85,60,0 95,35,113,64,2 123,32,143,67,7 153,33,173,66,0 186,39,208,66,3 217,51,237,75,8
G:\data_stored\nature_train\000272.jpg 96,45,121,86,1 147,49,172,90,0 192,51,219,91,8 235,54,264,96,7 282,59,310,102,5
G:\data_stored\nature_train\000273.jpg 123,45,161,98,2 180,41,218,94,4 243,37,280,95,5 301,39,338,97,2 365,33,398,93,1 431,13,461,66,1
G:\data_stored\nature_train\000274.jpg 149,86,194,160,0 227,97,269,166,2 292,84,343,167,7 363,86,412,156,0 440,96,483,165,3
G:\data_stored\nature_train\000275.jpg 30,28,60,70,0 83,29,110,73,8 131,31,158,76,4 178,30,204,74,7 227,34,256,76,4
G:\data_stored\nature_train\000276.jpg 52,9,77,46,1 104,10,132,50,4 152,11,183,51,4 197,12,234,49,6 249,10,277,48,7 302,13,333,51,8
G:\data_stored\nature_train\000277.jpg 88,41,116,87,1 147,45,178,87,8 202,42,235,89,3 257,43,291,89,5 313,37,348,84,2
G:\data_stored\nature_train\000278.jpg 42,28,56,50,2 66,28,84,51,2 90,27,108,53,8 116,28,132,54,6 142,29,155,53,1
G:\data_stored\nature_train\000279.jpg 118,37,141,68,0 156,41,178,73,4 191,42,212,72,9 229,39,250,71,2 264,42,286,70,7 306,37,322,64,1
G:\data_stored\nature_train\000280.jpg 36,27,55,59,1 78,30,101,62,1 121,27,147,64,2 165,27,188,62,4 206,27,231,62,5 252,22,279,53,4
G:\data_stored\nature_train\000281.jpg 88,41,112,83,1 140,44,166,83,4 185,43,213,84,3 235,43,260,82,0 282,40,305,77,1 335,55,358,90,2
G:\data_stored\nature_train\000282.jpg 35,30,52,65,1 78,31,103,65,6 123,30,146,64,3 168,27,187,64,1 210,28,228,62,1 254,33,276,65,3
G:\data_stored\nature_train\000283.jpg 29,34,44,62,1 61,35,83,65,8 94,35,113,63,5 130,33,143,61,1 161,32,181,62,2
G:\data_stored\nature_train\000284.jpg 68,26,80,51,1 101,30,111,53,1 129,29,147,55,3 158,33,176,60,6 188,32,207,60,6
G:\data_stored\nature_train\000285.jpg 88,43,104,80,1 136,46,164,85,6 188,46,215,88,9 240,49,268,92,7 295,48,317,87,1
G:\data_stored\nature_train\000286.jpg 64,29,76,65,1 100,31,126,69,6 144,34,168,68,9 187,36,210,72,7 231,36,250,72,1
G:\data_stored\nature_train\000287.jpg 52,15,67,39,2 79,17,90,37,1 102,19,120,40,2 127,19,142,43,1 153,22,168,46,7
G:\data_stored\nature_train\000288.jpg 92,38,122,80,0 143,45,175,85,9 196,50,223,88,4 245,50,274,91,8 298,54,323,89,7
G:\data_stored\nature_train\000289.jpg 84,42,106,81,1 134,45,161,86,3 182,43,204,81,1 229,48,260,85,6 279,49,308,87,6 329,50,361,89,8
G:\data_stored\nature_train\000290.jpg 101,28,124,80,1 158,36,192,89,5 222,42,254,92,4 286,41,310,92,1 346,51,380,100,3
G:\data_stored\nature_train\000291.jpg 68,32,87,67,1 112,35,135,69,7 154,41,180,75,6 196,38,222,75,8 240,42,268,76,2
G:\data_stored\nature_train\000292.jpg 86,32,108,69,0 129,33,148,70,1 169,37,193,74,4 209,38,234,74,0 252,41,280,77,4
G:\data_stored\nature_train\000293.jpg 102,33,124,66,0 143,33,162,68,1 187,38,212,70,4 225,35,250,71,0 270,36,296,71,4
G:\data_stored\nature_train\000294.jpg 57,26,77,62,1 98,30,121,63,0 139,32,164,67,0 180,35,201,72,8 220,40,242,76,6 262,40,282,74,7
G:\data_stored\nature_train\000295.jpg 82,30,99,63,1 120,30,137,63,1 158,38,179,68,6 195,35,219,69,3 237,35,256,67,1 276,33,303,61,4
G:\data_stored\nature_train\000296.jpg 66,31,86,71,1 113,34,141,75,3 164,35,189,77,0 215,36,239,79,1 262,40,289,83,2 313,40,343,84,4
G:\data_stored\nature_train\000297.jpg 114,67,157,137,0 204,71,244,135,4 283,67,329,141,2 365,72,406,141,7 452,71,489,134,7
G:\data_stored\nature_train\000298.jpg 66,32,79,59,1 100,34,115,60,1 133,35,152,63,3 166,33,186,61,0 199,33,220,63,9 234,32,255,58,2
G:\data_stored\nature_train\000299.jpg 101,36,122,83,1 155,42,184,87,4 207,41,237,86,3 258,42,287,90,9 310,52,344,95,6 369,34,398,73,4
G:\data_stored\nature_train\000300.jpg 81,7,109,57,6 143,10,169,56,9 202,9,229,58,5 260,11,288,59,6 320,11,348,61,4
G:\data_stored\nature_train\000301.jpg 132,44,164,91,5 188,45,211,88,1 244,45,265,90,1 297,47,324,90,0 351,53,380,101,3
G:\data_stored\nature_train\000302.jpg 82,27,117,82,2 147,26,182,81,0 213,31,249,87,9 279,31,312,81,0 339,34,377,89,9 407,32,447,81,5
G:\data_stored\nature_train\000303.jpg 80,33,121,99,2 158,47,194,109,4 228,54,270,121,4 297,60,340,129,6 372,69,405,129,1 450,83,472,141,1
G:\data_stored\nature_train\000304.jpg 51,16,73,47,2 89,20,111,53,9 128,25,148,56,3 165,27,188,56,6 202,28,226,58,5 243,36,264,64,4
G:\data_stored\nature_train\000305.jpg 27,12,45,42,0 60,11,78,39,2 93,14,112,43,5 127,16,146,45,6 162,16,181,44,2
G:\data_stored\nature_train\000306.jpg 57,49,77,85,1 97,46,124,83,0 142,46,163,83,1 184,47,207,81,6 224,44,246,79,7
G:\data_stored\nature_train\000307.jpg 67,49,90,83,0 117,49,130,84,1 160,51,184,87,3 205,53,228,90,5 251,51,275,88,0 300,64,324,98,3
G:\data_stored\nature_train\000308.jpg 71,45,100,86,0 123,42,154,82,3 173,40,206,82,6 225,40,260,78,4 278,35,314,76,0 337,28,364,69,4
G:\data_stored\nature_train\000309.jpg 35,53,68,106,5 103,50,132,98,1 169,52,202,103,9 235,52,268,105,8 301,53,333,105,6 368,47,400,85,0
G:\data_stored\nature_train\000310.jpg 1,33,26,76,5 48,27,77,75,2 102,25,132,70,2 158,26,184,72,7 216,22,245,69,2
G:\data_stored\nature_train\000311.jpg 20,13,32,29,5 37,11,48,27,2 55,11,65,27,6 74,10,84,26,4 89,9,103,27,2
G:\data_stored\nature_train\000312.jpg 58,39,87,87,5 115,34,144,80,2 169,30,201,79,9 228,30,260,77,9 286,24,319,70,2 350,8,381,44,4
G:\data_stored\nature_train\000313.jpg 86,28,116,76,5 144,26,172,78,4 199,31,231,84,3 257,31,288,82,0 317,33,348,85,9 375,26,405,73,2
G:\data_stored\nature_train\000314.jpg 87,39,109,78,5 131,34,153,74,4 172,30,195,72,7 216,29,242,72,9 262,28,286,71,6 307,16,329,50,8
G:\data_stored\nature_train\000315.jpg 72,53,93,107,1 139,61,171,111,9 209,65,241,114,8 285,65,320,123,4 358,68,396,129,9 436,72,475,128,4
G:\data_stored\nature_train\000316.jpg 126,35,160,95,1 195,34,235,94,0 267,34,303,93,6 334,30,373,93,9 405,32,444,93,5 486,12,519,71,2
G:\data_stored\nature_train\000317.jpg 73,29,91,55,0 106,33,124,59,3 139,32,157,59,0 173,35,191,63,4 208,35,225,64,6 245,39,263,65,7
G:\data_stored\nature_train\000318.jpg 122,69,154,113,0 185,68,217,113,0 240,69,275,114,6 295,73,326,115,3 346,68,377,110,9 402,57,426,89,4
G:\data_stored\nature_train\000319.jpg 60,14,72,31,0 82,14,93,33,1 107,15,119,33,4 130,16,143,34,2 154,14,167,33,0 179,22,192,42,9
G:\data_stored\nature_train\000320.jpg 73,21,83,37,0 91,21,100,37,1 109,22,119,38,5 128,23,138,39,6 144,23,157,38,5 166,20,176,37,3
G:\data_stored\nature_train\000321.jpg 62,23,74,51,1 94,20,106,50,1 125,18,141,48,4 156,18,173,48,4 189,19,204,49,6 223,20,240,46,0
G:\data_stored\nature_train\000322.jpg 68,25,81,51,1 99,22,115,49,2 127,19,147,48,3 160,18,177,47,5 191,19,207,48,7 229,19,239,49,1
G:\data_stored\nature_train\000323.jpg 58,21,73,45,0 86,23,100,46,5 113,24,129,47,6 140,25,157,47,5 170,27,184,50,4 199,21,213,43,7
G:\data_stored\nature_train\000324.jpg 60,69,92,117,0 126,62,164,110,5 195,61,229,110,8 261,69,295,114,8 324,61,361,112,0 388,44,423,96,7
G:\data_stored\nature_train\000325.jpg 50,47,85,103,0 113,49,152,105,7 183,39,214,96,1 252,38,288,100,4 322,29,354,85,2 397,10,418,54,1
G:\data_stored\nature_train\000326.jpg 5,30,38,85,0 75,31,109,86,6 146,30,179,87,8 211,31,248,88,6 288,9,318,58,8 357,9,388,57,9
G:\data_stored\nature_train\000327.jpg 73,39,92,67,0 110,38,128,64,3 142,35,164,66,5 180,33,200,63,0 215,34,237,62,7 256,18,274,41,3
G:\data_stored\nature_train\000328.jpg 19,63,37,90,2 55,60,77,92,9 97,55,118,89,3 139,50,164,86,9 188,40,210,79,2 237,34,261,70,0
G:\data_stored\nature_train\000329.jpg 7,9,27,36,2 46,9,65,40,3 82,12,99,41,1 122,16,139,47,7 162,17,179,52,7
G:\data_stored\nature_train\000330.jpg 45,61,67,100,0 93,60,116,100,8 144,56,166,98,8 191,62,215,106,5 242,62,266,106,6 294,64,321,110,4
G:\data_stored\nature_train\000331.jpg 31,10,61,58,0 92,19,119,70,3 151,30,179,84,3 205,37,232,87,6 263,45,291,95,3 316,56,348,104,7
G:\data_stored\nature_train\000332.jpg 134,16,175,81,0 209,26,249,94,4 290,33,331,103,7 366,34,410,106,3 440,36,489,106,9 528,41,572,109,3
G:\data_stored\nature_train\000333.jpg 87,28,101,54,7 118,27,134,53,6 150,26,163,51,1 180,27,197,54,8 213,27,228,54,8
G:\data_stored\nature_train\000334.jpg 43,40,55,54,0 64,36,75,52,8 85,34,95,50,2 105,32,116,49,6 125,29,138,45,0 148,24,157,39,1
G:\data_stored\nature_train\000335.jpg 137,47,177,118,0 222,49,264,120,9 312,44,352,124,7 397,49,439,124,2 483,47,525,118,0 579,15,620,80,2
G:\data_stored\nature_train\000336.jpg 109,1,138,32,3 158,2,186,36,7 207,3,235,37,9 253,3,282,34,5 305,8,321,36,1
G:\data_stored\nature_train\000337.jpg 66,13,82,35,5 96,10,112,33,8 127,12,142,35,0 157,12,174,36,0 189,14,203,36,8 221,17,233,39,1
G:\data_stored\nature_train\000338.jpg 110,23,144,59,2 169,21,204,62,0 227,17,261,57,6 284,19,319,58,2 345,19,379,59,6
G:\data_stored\nature_train\000339.jpg 19,40,39,74,0 60,38,79,69,8 101,37,121,69,8 142,38,163,71,3 182,34,204,68,9 223,31,246,64,2
G:\data_stored\nature_train\000340.jpg 52,9,64,24,0 73,10,83,25,4 90,10,102,28,2 109,11,120,28,7 127,12,139,29,6 146,13,157,27,5
G:\data_stored\nature_train\000341.jpg 132,13,161,66,0 193,18,224,69,9 255,15,289,72,3 318,16,353,73,7 385,13,418,67,7 453,5,485,61,0
G:\data_stored\nature_train\000342.jpg 48,13,63,37,0 77,13,92,38,3 102,10,118,34,1 131,13,146,34,0 159,10,169,32,1
G:\data_stored\nature_train\000343.jpg 17,16,58,73,0 88,18,127,75,3 158,21,198,77,1 234,25,272,80,0 321,30,353,83,1 370,40,400,91,3
G:\data_stored\nature_train\000344.jpg 85,18,112,65,0 138,23,164,67,4 186,25,215,71,5 236,29,266,71,6 286,28,315,66,0 338,40,362,78,1
G:\data_stored\nature_train\000345.jpg 85,43,102,77,1 128,45,150,81,0 170,54,194,89,6 215,52,238,89,0 261,52,282,85,9 309,54,329,89,6
G:\data_stored\nature_train\000346.jpg 113,57,134,104,1 170,57,193,105,1 234,62,259,107,4 286,62,320,113,6 345,61,376,108,3 406,70,437,119,5
G:\data_stored\nature_train\000347.jpg 18,24,32,47,0 45,21,60,47,3 73,20,88,44,9 100,17,117,41,2 128,15,144,38,9 157,17,170,39,1
G:\data_stored\nature_train\000348.jpg 61,23,74,45,0 87,26,100,49,7 114,24,128,48,2 140,29,154,52,9 169,36,182,61,4 199,31,213,52,4
G:\data_stored\nature_train\000349.jpg 52,18,65,36,0 72,19,84,38,7 91,25,104,43,9 111,25,125,44,2 135,28,146,47,4 157,22,168,40,3
G:\data_stored\nature_train\000350.jpg 37,29,54,56,0 67,30,84,61,7 99,38,116,66,9 132,35,150,66,2 166,40,183,69,4 202,29,218,56,3
G:\data_stored\nature_train\000351.jpg 167,46,192,85,4 209,46,234,84,4 251,40,280,79,8 292,40,321,80,9 340,39,362,76,5 385,43,407,75,6
G:\data_stored\nature_train\000352.jpg 135,44,162,92,5 190,47,223,94,9 253,55,282,104,4 316,56,337,102,1 370,59,394,107,2 429,49,455,97,4
G:\data_stored\nature_train\000353.jpg 139,67,169,118,8 197,62,225,114,7 253,57,284,105,0 309,56,343,109,3 368,48,400,101,8 425,28,456,74,6 430,81,461,115,7
G:\data_stored\nature_train\000354.jpg 110,40,135,88,1 173,46,201,93,2 229,50,253,98,1 287,53,317,100,4 343,53,375,100,2 397,65,428,107,8
G:\data_stored\nature_train\000355.jpg 104,58,124,92,1 152,56,170,91,1 195,54,222,93,5 242,53,267,92,0 292,55,314,91,3
G:\data_stored\nature_train\000356.jpg 71,64,129,155,0 182,74,231,171,7 288,92,338,186,9 390,100,435,186,2 477,111,527,194,8 572,130,614,209,2
G:\data_stored\nature_train\000357.jpg 112,33,130,77,1 153,34,178,74,4 199,35,226,75,4 243,34,272,72,4 291,31,312,71,7 339,43,362,80,4
G:\data_stored\nature_train\000358.jpg 224,50,266,110,8 309,54,353,128,3 394,54,440,127,6 478,57,523,130,3 562,54,607,125,4 647,59,690,133,4
G:\data_stored\nature_train\000359.jpg 93,10,113,41,6 129,12,150,43,4 165,10,185,41,6 200,10,219,37,1
G:\data_stored\nature_train\000360.jpg 118,14,137,50,6 157,15,189,51,7 211,17,234,52,3 257,19,281,51,7 306,19,332,60,2 350,20,377,62,0
G:\data_stored\nature_train\000361.jpg 106,19,140,70,7 170,22,203,77,4 231,22,263,75,4 286,22,316,75,1 350,23,381,77,5 406,53,435,90,1
G:\data_stored\nature_train\000362.jpg 199,11,240,68,7 275,8,320,72,9 354,4,394,74,1 434,10,466,70,1 509,7,552,73,6 586,6,626,68,8
G:\data_stored\nature_train\000363.jpg 128,15,151,52,8 175,13,194,44,7 215,14,238,48,9 258,16,276,47,1 300,18,322,48,8 345,33,367,64,2
G:\data_stored\nature_train\000364.jpg 154,24,188,68,9 217,22,242,68,1 274,21,310,69,8 331,23,362,73,1 393,29,424,77,5 452,57,480,94,7
G:\data_stored\nature_train\000365.jpg 123,32,157,79,9 179,37,210,84,5 236,37,264,80,5 288,38,318,84,6 344,39,370,79,3 400,25,430,67,3
G:\data_stored\nature_train\000366.jpg 22,21,51,69,9 86,19,115,72,8 150,30,179,80,4 211,31,231,80,1 275,33,295,79,1 335,54,354,93,1
G:\data_stored\nature_train\000367.jpg 130,25,154,64,0 180,29,207,66,3 234,28,256,63,8 281,31,304,69,5 332,24,354,63,8 378,42,406,83,4
G:\data_stored\nature_train\000368.jpg 42,27,66,73,0 99,26,125,76,9 157,31,184,80,6 213,33,243,84,4 273,31,298,77,0 331,24,352,68,1
G:\data_stored\nature_train\000369.jpg 6,8,25,52,1 62,7,90,56,6 123,5,149,54,6 181,3,207,53,8 243,13,270,62,8 302,12,330,59,0
G:\data_stored\nature_train\000370.jpg 164,49,200,111,0 235,51,271,109,3 300,49,342,107,6 377,49,411,101,4 445,49,486,99,3
G:\data_stored\nature_train\000371.jpg 214,61,255,134,0 303,62,347,136,5 398,60,438,135,4 482,63,530,142,3 575,67,623,139,2 670,78,718,150,3
G:\data_stored\nature_train\000372.jpg 195,74,242,156,0 287,75,339,155,7 386,75,439,160,2 482,71,534,159,7 580,71,637,164,0
G:\data_stored\nature_train\000373.jpg 109,68,138,142,1 200,68,233,143,1 288,73,331,150,2 378,75,424,152,3
G:\data_stored\nature_train\000374.jpg 153,54,176,118,1 220,54,259,119,3 300,53,324,114,1 370,48,408,116,0 455,53,479,113,1
G:\data_stored\nature_train\000375.jpg 77,37,103,104,1 158,36,195,104,4 234,37,270,107,8 317,38,354,104,3 397,41,427,106,1 479,44,517,112,8
G:\data_stored\nature_train\000376.jpg 53,42,71,87,1 106,41,128,82,7 158,40,183,84,0 215,41,237,84,7 268,42,292,86,7 325,48,353,94,2
G:\data_stored\nature_train\000377.jpg 87,33,101,64,1 121,33,144,67,9 163,33,183,68,3 201,35,222,67,3 240,36,262,71,6
G:\data_stored\nature_train\000378.jpg 35,25,76,95,2 122,26,152,99,1 200,30,240,100,7 287,29,320,101,1 376,38,410,107,1 469,17,506,68,2 469,71,512,121,3
G:\data_stored\nature_train\000379.jpg 38,40,67,92,2 102,42,134,96,3 161,47,190,102,5 224,48,253,102,8 285,57,314,109,3 348,60,377,115,7
G:\data_stored\nature_train\000380.jpg 114,43,140,82,7 162,38,183,80,1 209,40,232,81,9 256,41,287,88,9 307,47,336,87,4 359,38,382,78,4
G:\data_stored\nature_train\000381.jpg 206,56,246,126,0 277,59,319,121,2 352,55,396,121,4 427,48,471,115,4 501,44,547,112,6 584,47,619,110,1
G:\data_stored\nature_train\000382.jpg 85,39,114,96,0 147,39,181,97,2 213,38,251,99,4 281,39,321,95,4 351,36,388,95,6 427,38,459,97,1
G:\data_stored\nature_train\000383.jpg 96,30,125,89,0 161,33,190,89,4 219,33,256,93,2 284,32,320,92,7 354,34,384,93,4 427,20,456,67,2
G:\data_stored\nature_train\000384.jpg 114,63,149,123,0 180,63,214,120,9 252,56,282,119,1 320,53,359,114,7 469,25,510,76,9
G:\data_stored\nature_train\000385.jpg 137,60,165,126,1 212,66,249,133,2 292,65,319,133,1 365,69,389,133,1 435,72,470,138,3
G:\data_stored\nature_train\000386.jpg 99,37,118,71,1 139,39,160,74,4 176,36,201,72,5 218,35,241,70,9 259,33,283,69,7 301,39,325,72,6
G:\data_stored\nature_train\000387.jpg 90,43,114,93,1 150,46,178,100,7 207,49,239,106,2 268,53,299,106,3 330,50,357,101,0 394,40,419,83,8
G:\data_stored\nature_train\000388.jpg 124,24,157,66,9 182,22,213,70,9 242,16,270,63,0 302,16,329,60,9 358,19,390,66,4 421,15,455,61,4
G:\data_stored\nature_train\000389.jpg 221,29,267,93,0 313,39,354,104,3 396,38,435,108,6 478,41,526,109,9 569,47,612,114,8 653,55,697,120,2
G:\data_stored\nature_train\000390.jpg 173,44,197,90,1 225,41,257,89,0 284,42,313,94,9 343,50,369,98,1 394,50,431,96,8 452,48,485,97,9
G:\data_stored\nature_train\000391.jpg 65,55,128,147,3 202,42,273,143,9 340,21,390,137,1 475,30,535,128,3 607,5,668,108,3 730,4,796,86,9
G:\data_stored\nature_train\000392.jpg 225,44,276,145,4 335,54,386,138,4 436,56,491,151,6 536,70,598,166,3 651,74,705,165,2 767,89,820,177,2
G:\data_stored\nature_train\000393.jpg 50,53,118,166,4 185,54,261,166,7 324,55,392,160,2 457,53,518,154,8 591,56,649,161,9
G:\data_stored\nature_train\000394.jpg 97,37,139,111,5 192,41,236,114,2 282,44,325,113,3 376,44,415,115,3 464,46,509,122,6
G:\data_stored\nature_train\000395.jpg 72,21,93,53,7 111,19,129,53,7 149,17,168,52,8 183,17,204,52,1 224,20,243,57,4 259,13,283,49,0
G:\data_stored\nature_train\000396.jpg 164,48,201,118,7 236,46,277,113,0 304,51,352,118,6 384,56,427,111,7 460,55,498,112,4 524,38,573,103,3
G:\data_stored\nature_train\000397.jpg 132,35,166,90,6 197,34,233,88,0 258,41,297,101,8 325,36,361,95,9 391,39,432,98,1 468,53,500,112,1
G:\data_stored\nature_train\000398.jpg 161,36,198,99,7 228,37,267,102,8 294,35,332,94,2 358,37,396,96,8 425,35,466,95,9
G:\data_stored\nature_train\000399.jpg 209,26,241,80,3 273,30,302,85,9 339,35,369,93,4 403,42,435,101,9 472,47,509,109,0
G:\data_stored\nature_train\000400.jpg 103,33,127,79,4 148,34,177,81,9 196,35,227,84,6 248,39,276,88,7 298,40,329,89,9
G:\data_stored\nature_train\000401.jpg 29,7,45,35,8 59,12,74,41,2 87,19,104,48,4 118,25,134,55,3
G:\data_stored\nature_train\000402.jpg 94,9,113,39,2 126,10,146,38,0 162,11,180,40,3 196,12,215,41,0 230,13,250,44,9 265,24,287,50,9
G:\data_stored\nature_train\000403.jpg 51,14,65,32,1 79,16,94,34,9 106,16,119,32,0 131,15,147,33,9 161,15,173,33,8 188,11,202,27,2
G:\data_stored\nature_train\000404.jpg 116,36,157,74,6 177,38,212,75,2 235,34,270,72,0 300,33,322,69,1 351,38,389,72,7
G:\data_stored\nature_train\000405.jpg 246,73,286,134,3 330,73,374,139,1 417,66,462,131,7 509,66,549,131,7 684,57,718,109,9 597,60,638,108,3
G:\data_stored\nature_train\000406.jpg 154,63,179,117,1 217,55,259,110,3 289,55,322,107,1 356,56,393,105,3 426,50,464,102,0 494,24,532,70,2
G:\data_stored\nature_train\000407.jpg 123,43,140,93,1 173,43,207,91,5 229,48,262,93,7 287,50,318,95,9 345,53,375,95,7 404,50,433,91,2
G:\data_stored\nature_train\000408.jpg 117,51,143,93,1 168,49,194,90,6 219,50,247,88,4 268,47,297,86,6 321,49,350,86,4 379,30,395,65,1
G:\data_stored\nature_train\000409.jpg 114,58,145,102,2 173,52,198,101,1 229,55,260,102,2 291,54,308,99,1 350,39,373,83,1 402,39,426,83,9
G:\data_stored\nature_train\000410.jpg 45,60,75,107,2 103,55,132,107,3 164,57,196,105,0 224,50,252,103,1 289,51,315,103,1 347,51,384,100,0
G:\data_stored\nature_train\000411.jpg 30,24,46,48,2 58,23,73,47,2 88,22,102,45,1 118,22,135,47,2 149,29,165,48,6 179,22,194,44,7
G:\data_stored\nature_train\000412.jpg 38,20,57,43,0 66,21,83,44,9 97,20,111,45,7 124,21,140,44,1 156,22,172,43,0 186,25,203,50,2
G:\data_stored\nature_train\000413.jpg 19,18,45,64,0 77,16,95,63,1 127,20,156,67,0 183,19,213,65,0 242,19,272,68,8 304,15,334,65,5
G:\data_stored\nature_train\000414.jpg 159,29,186,75,4 207,27,244,74,0 267,28,302,72,8 323,28,354,72,1 384,22,412,66,2 439,22,469,67,9
G:\data_stored\nature_train\000415.jpg 30,12,49,35,4 69,15,83,39,1 109,22,126,47,9 145,25,166,50,3 186,27,203,52,1 223,29,242,57,5
G:\data_stored\nature_train\000416.jpg 39,7,67,44,2 89,12,115,53,6 139,16,166,57,2 188,22,216,60,9 237,30,264,68,9 286,32,316,66,4
G:\data_stored\nature_train\000417.jpg 19,4,42,41,3 73,2,88,45,1 117,6,145,48,5 168,4,191,45,3 214,8,238,48,2 264,21,287,57,3
G:\data_stored\nature_train\000418.jpg 26,21,51,59,4 77,22,103,60,8 117,29,140,63,9 163,34,185,70,7 202,37,227,73,2 252,46,275,78,5
G:\data_stored\nature_train\000419.jpg 13,16,37,57,5 61,25,87,62,6 109,26,135,66,7 164,29,186,67,8 211,32,233,74,9
G:\data_stored\nature_train\000420.jpg 32,14,54,51,6 82,13,109,51,0 135,16,156,54,4 184,16,205,52,9 231,20,252,56,8 286,26,310,60,5
G:\data_stored\nature_train\000421.jpg 24,11,57,59,6 85,14,115,61,5 146,21,174,68,4 208,17,240,66,2 265,22,295,69,9
G:\data_stored\nature_train\000422.jpg 24,24,48,63,6 71,25,98,65,9 118,25,142,68,2 166,24,189,63,3 213,31,236,68,5
G:\data_stored\nature_train\000423.jpg 46,51,75,96,3 97,60,126,102,3 152,56,180,96,5 200,50,226,94,1 252,56,284,96,6 306,56,334,95,1
G:\data_stored\nature_train\000424.jpg 35,68,96,153,3 147,76,210,163,7 272,69,336,155,3 381,70,444,160,9 504,74,557,162,5 621,77,683,166,7
G:\data_stored\nature_train\000425.jpg 89,46,111,75,6 124,47,144,75,9 161,46,181,77,3 196,47,218,74,5 230,47,256,73,7 270,42,293,71,5
G:\data_stored\nature_train\000426.jpg 30,67,62,118,1 83,75,120,123,4 133,67,172,117,2 194,71,229,121,8 251,75,289,126,8 313,73,351,127,0
G:\data_stored\nature_train\000427.jpg 62,40,101,90,1 121,48,165,98,4 187,40,226,93,2 250,44,291,98,8 319,49,359,106,8 394,48,431,101,0
G:\data_stored\nature_train\000428.jpg 119,48,150,92,2 183,42,218,91,4 244,43,276,93,3 307,41,337,91,8 365,41,397,90,1 434,44,465,93,8
G:\data_stored\nature_train\000429.jpg 96,26,110,52,5 121,24,138,48,2 146,23,162,47,3 173,21,190,43,0 202,18,219,41,8 229,14,250,36,0
G:\data_stored\nature_train\000430.jpg 55,21,71,41,5 78,21,94,41,2 104,21,118,42,3 131,21,146,42,0 159,22,173,43,8 189,21,204,41,0
G:\data_stored\nature_train\000431.jpg 122,32,140,62,1 160,29,177,60,1 198,32,222,64,4 237,30,257,64,6 273,30,293,58,1
G:\data_stored\nature_train\000432.jpg 110,50,151,95,1 178,51,214,102,5 237,53,277,100,0 303,53,340,108,7 365,55,396,103,8
G:\data_stored\nature_train\000433.jpg 121,35,143,71,1 176,35,201,76,6 230,35,254,77,9 280,37,307,77,1 336,39,365,83,2 383,44,415,91,1
G:\data_stored\nature_train\000434.jpg 100,30,137,67,2 164,32,197,77,3 222,31,255,79,4 278,33,307,78,2 333,34,369,78,8 393,53,423,91,5
G:\data_stored\nature_train\000435.jpg 102,17,138,54,2 156,18,189,61,6 209,21,240,61,9 260,22,294,66,5 317,24,349,67,4
G:\data_stored\nature_train\000436.jpg 53,17,72,40,4 87,17,104,44,4 118,18,139,44,9 152,18,171,44,7 184,20,206,44,2
G:\data_stored\nature_train\000437.jpg 125,26,159,76,8 191,22,224,72,9 256,27,287,74,7 445,21,482,67,6 319,21,352,55,5 382,20,419,51,5 320,54,354,78,6 379,51,417,77,6
G:\data_stored\nature_train\000438.jpg 121,33,150,73,9 169,31,200,71,9 222,34,250,70,7 272,33,302,74,0 320,33,352,72,7 379,33,406,74,1
G:\data_stored\nature_train\000439.jpg 103,34,135,80,0 155,35,183,77,4 204,34,234,79,7 259,34,282,78,1 310,34,344,76,4 364,44,388,81,1
G:\data_stored\nature_train\000440.jpg 116,23,142,62,0 159,21,183,62,6 204,25,226,63,4 249,28,271,65,3 291,27,315,69,6 337,24,361,56,3
G:\data_stored\nature_train\000441.jpg 47,10,57,25,1 66,11,78,25,2 86,10,99,27,5 105,10,119,27,2 125,10,138,27,7 147,8,158,21,1
G:\data_stored\nature_train\000442.jpg 17,20,31,48,1 47,18,66,45,7 80,17,95,45,6 109,16,125,43,0 141,15,160,41,2 173,18,189,43,6
G:\data_stored\nature_train\000443.jpg 69,33,84,59,1 97,34,118,61,3 133,32,154,60,4 167,33,184,60,9 201,35,216,57,2 235,27,250,49,8
G:\data_stored\nature_train\000444.jpg 68,17,80,40,1 93,18,107,42,3 119,20,135,42,7 146,19,160,40,8 172,18,187,40,5 199,23,212,43,6
G:\data_stored\nature_train\000445.jpg 116,21,131,48,1 146,23,164,50,4 177,22,195,48,0 206,21,223,46,1 238,23,254,48,7 272,18,287,41,5
G:\data_stored\nature_train\000446.jpg 94,23,116,55,1 133,28,154,57,4 175,25,194,54,1 213,27,232,57,9 253,31,273,61,7 290,44,315,68,8
G:\data_stored\nature_train\000447.jpg 97,17,112,51,1 134,20,163,57,4 179,22,204,62,5 223,25,249,61,3 270,24,293,61,8 315,21,338,56,5
G:\data_stored\nature_train\000448.jpg 64,19,79,41,1 92,23,109,46,4 120,20,136,44,8 145,23,165,46,7 177,24,193,45,4 206,19,220,43,2
G:\data_stored\nature_train\000449.jpg 51,21,75,65,1 99,26,130,72,5 149,21,181,61,0 203,24,236,66,9 257,31,285,72,8 314,27,344,72,0
G:\data_stored\nature_train\000450.jpg 28,4,43,31,1 62,4,79,33,5 94,2,113,26,0 130,3,146,31,9 161,7,181,31,8 198,3,215,29,0
G:\data_stored\nature_train\000451.jpg 77,17,101,47,1 115,19,136,50,5 152,18,174,50,5 191,18,212,50,3 228,19,253,50,6 268,18,290,51,5
G:\data_stored\nature_train\000452.jpg 91,22,112,50,1 127,24,148,50,5 165,24,184,52,7 198,24,219,54,3 235,24,256,52,0 273,23,292,46,4
G:\data_stored\nature_train\000453.jpg 107,89,159,164,5 194,84,246,155,7 296,89,343,162,9 397,75,438,142,5 490,79,534,147,6 585,102,631,165,6
G:\data_stored\nature_train\000454.jpg 37,40,96,107,2 136,41,200,103,3 254,36,314,100,2 359,47,416,107,5 473,42,530,103,3
G:\data_stored\nature_train\000455.jpg 110,78,139,125,8 155,89,184,130,8 201,98,226,137,5 244,104,267,146,0 285,100,304,134,5
G:\data_stored\nature_train\000456.jpg 62,125,123,207,0 157,149,215,211,7 264,166,319,226,6 360,170,419,228,0 459,183,509,235,6 565,178,624,240,7
G:\data_stored\nature_train\000457.jpg 36,62,69,115,0 100,64,133,113,9 159,64,190,116,4 221,69,255,120,4 271,52,310,106,2 348,54,381,101,1
G:\data_stored\nature_train\000458.jpg 149,47,179,113,1 208,33,243,98,0 279,29,318,89,2 351,44,390,100,6 421,66,457,125,3 498,52,527,111,1
G:\data_stored\nature_train\000459.jpg 118,64,158,126,1 183,65,223,123,0 244,77,283,127,4 316,68,354,125,1 377,73,408,127,8 459,63,486,115,1
G:\data_stored\nature_train\000460.jpg 79,22,110,73,0 138,21,170,76,2 192,28,227,87,7 257,31,291,82,2 321,37,355,91,7 382,56,414,106,8
G:\data_stored\nature_train\000461.jpg 33,21,53,49,0 62,18,79,48,3 91,20,109,49,3 124,20,145,48,2 157,19,178,50,5 189,18,208,46,2
G:\data_stored\nature_train\000462.jpg 43,19,61,49,0 74,21,93,50,4 106,18,124,48,0 135,18,156,46,3 169,17,189,48,9 202,17,222,48,9
G:\data_stored\nature_train\000463.jpg 71,21,87,51,1 105,26,122,50,9 143,27,158,52,1 176,23,193,52,1 209,25,227,52,6 247,24,263,49,3
G:\data_stored\nature_train\000464.jpg 52,29,72,56,0 84,28,106,55,0 119,30,141,60,5 155,35,174,62,7 189,35,208,64,5 222,41,243,66,2
G:\data_stored\nature_train\000465.jpg 47,38,82,101,1 129,44,180,108,4 213,48,258,111,7 301,44,347,110,0 383,51,427,113,9 460,73,505,116,6
G:\data_stored\nature_train\000466.jpg 37,24,59,53,3 71,25,95,50,6 111,26,127,50,4 141,22,162,50,5 176,19,198,51,2 215,31,232,54,7
G:\data_stored\nature_train\000467.jpg 116,35,140,71,2 155,41,178,75,1 197,43,224,72,9 239,40,265,71,1 282,42,301,75,7 319,47,343,80,9
G:\data_stored\nature_train\000468.jpg 325,72,361,125,0 371,80,403,121,4 422,80,446,121,9 463,77,498,120,7 515,76,544,122,2
G:\data_stored\nature_train\000469.jpg 264,62,304,123,0 324,63,358,121,5 385,60,417,124,1 446,63,476,118,0 503,60,539,118,0 574,44,595,88,1 573,95,598,126,2
G:\data_stored\nature_train\000470.jpg 115,25,136,62,0 159,24,178,61,2 199,26,220,64,7 240,27,259,63,3 282,30,302,63,9 323,24,340,56,4
G:\data_stored\nature_train\000471.jpg 209,65,250,122,0 273,66,309,124,2 341,73,378,132,8 397,73,441,131,6 465,74,505,131,7 529,50,569,107,3
G:\data_stored\nature_train\000472.jpg 64,21,86,57,0 100,19,124,55,3 148,19,165,57,1 186,25,206,60,8 228,19,246,55,1 271,29,289,63,2
G:\data_stored\nature_train\000473.jpg 81,32,102,68,1 122,29,146,65,4 160,28,186,65,6 203,23,230,59,8 248,22,272,60,8 297,6,316,43,7
G:\data_stored\nature_train\000474.jpg 49,20,65,42,0 77,21,89,42,2 105,22,120,44,5 133,22,148,45,6 163,24,179,45,4 194,18,212,45,4
G:\data_stored\nature_train\000475.jpg 94,37,114,69,0 127,37,146,66,2 157,33,177,65,5 190,31,207,61,3 224,33,239,60,1
G:\data_stored\nature_train\000476.jpg 65,25,92,62,0 111,23,138,61,6 162,25,184,62,3 210,24,230,61,1 256,25,281,61,8 309,29,329,70,1
G:\data_stored\nature_train\000477.jpg 49,17,70,54,0 90,22,111,54,6 126,23,153,57,5 166,23,189,57,7 204,23,229,57,5 249,40,268,68,8
G:\data_stored\nature_train\000478.jpg 109,68,147,124,0 177,70,212,124,6 236,69,266,124,7 297,66,332,125,8 363,73,393,124,9 427,51,461,98,8
G:\data_stored\nature_train\000479.jpg 176,125,240,206,2 275,129,332,192,6 368,103,434,172,5 462,95,523,161,7 559,81,609,144,1 653,39,712,92,2
G:\data_stored\nature_train\000480.jpg 57,41,90,90,7 121,35,156,85,8 186,48,213,88,1 246,24,276,69,9 309,23,339,72,9 369,30,400,74,7
G:\data_stored\nature_train\000481.jpg 109,39,134,75,9 153,39,174,74,6 192,29,217,55,3 237,35,260,69,9 278,34,301,72,9 319,25,342,52,9
G:\data_stored\nature_train\000482.jpg 55,37,74,62,9 84,36,101,60,6 114,26,130,47,3 142,30,161,57,9 173,29,189,55,9 201,20,219,41,9
G:\data_stored\nature_train\000483.jpg 181,86,243,154,2 288,95,332,161,6 387,89,430,157,0 485,74,526,153,0 574,71,621,143,0 675,85,717,150,9
G:\data_stored\nature_train\000484.jpg 99,26,123,58,2 141,29,161,59,3 184,28,204,57,3 224,28,248,56,9 266,25,288,58,7 309,30,330,59,8
G:\data_stored\nature_train\000485.jpg 56,27,77,54,7 88,35,109,58,3 125,26,141,50,6 153,36,172,59,3 190,38,208,59,3 224,32,244,58,5
G:\data_stored\nature_train\000486.jpg 99,64,126,106,7 148,63,181,103,7 208,61,242,101,8 272,63,306,103,0 332,57,366,99,9 395,59,429,101,7
G:\data_stored\nature_train\000487.jpg 112,44,134,70,3 153,50,176,71,2 192,46,214,73,8 237,48,258,73,0 277,51,298,76,9 320,38,340,61,8
G:\data_stored\nature_train\000488.jpg 40,24,68,60,7 81,29,107,65,5 126,47,151,70,5 173,45,199,73,0 218,27,241,59,9 265,32,290,57,9
G:\data_stored\nature_train\000489.jpg 13,16,29,40,3 38,16,52,37,3 63,15,80,37,7 89,16,104,37,2 111,13,127,36,6 137,16,153,35,4
G:\data_stored\nature_train\000490.jpg 21,15,48,57,0 68,19,95,59,7 123,25,152,65,5 170,27,200,67,2 221,25,249,68,2 272,33,299,71,9
G:\data_stored\nature_train\000491.jpg 44,40,90,102,4 127,38,169,103,7 210,43,253,102,4 296,35,330,94,1 381,29,432,93,0 473,33,521,97,9
G:\data_stored\nature_train\000492.jpg 81,13,102,48,1 124,14,146,51,7 165,19,188,51,0 207,22,229,58,5 248,25,271,58,7 293,29,312,61,8
G:\data_stored\nature_train\000493.jpg 102,74,144,139,3 190,79,229,141,1 277,75,322,142,7 368,75,409,136,7 461,72,498,115,3 546,66,588,115,9
G:\data_stored\nature_train\000494.jpg 117,19,141,56,6 164,21,190,60,0 211,23,234,59,1 261,24,283,58,1 308,26,335,64,1 360,29,386,64,4
G:\data_stored\nature_train\000495.jpg 117,41,139,79,6 154,43,178,76,0 198,41,218,75,1 239,39,258,70,1 281,35,307,73,1 322,33,346,66,4
G:\data_stored\nature_train\000496.jpg 43,32,86,89,7 119,30,165,90,7 195,29,240,88,0 273,34,316,99,4 356,29,396,84,0 439,34,479,87,9
G:\data_stored\nature_train\000497.jpg 36,29,70,77,3 98,30,126,79,5 155,32,187,81,6 219,30,251,80,9 282,34,315,82,0
G:\data_stored\nature_train\000498.jpg 64,18,75,38,6 89,17,101,36,0 113,15,126,36,0 137,14,150,35,2 162,15,173,34,4 187,10,198,28,8
G:\data_stored\nature_train\000499.jpg 66,20,86,48,3 96,19,112,47,3 124,18,141,46,7 152,16,167,45,0 180,20,195,43,5 209,16,225,39,8
G:\data_stored\nature_train\000500.jpg 27,18,44,42,6 60,16,72,37,1 91,17,109,42,9 120,18,138,43,4 151,16,170,41,7 181,16,200,43,7
G:\data_stored\nature_train\000501.jpg 60,46,93,80,9 112,51,142,84,2 164,54,192,87,4 218,53,245,86,3 266,53,296,85,8 317,51,349,85,7
G:\data_stored\nature_train\000502.jpg 42,14,58,28,8 73,13,87,27,0 102,14,119,27,4 134,14,152,28,5 167,13,184,27,4 201,12,221,28,3
G:\data_stored\nature_train\000503.jpg 81,6,101,31,8 123,9,141,33,3 161,10,185,34,4 202,10,226,33,4 241,9,262,30,1 282,12,308,37,0
G:\data_stored\nature_train\000504.jpg 51,34,89,72,2 111,35,139,75,9 165,36,197,79,5 219,42,253,82,7 275,46,300,85,1 332,43,364,77,6
G:\data_stored\nature_train\000505.jpg 16,15,33,40,3 43,15,59,38,0 70,16,84,37,1 99,19,110,40,1 126,18,142,41,0 151,15,169,36,0
G:\data_stored\nature_train\000506.jpg 32,30,49,54,3 62,28,78,53,0 92,29,110,51,1 122,33,141,54,1 152,31,170,54,0 182,29,199,50,0
G:\data_stored\nature_train\000507.jpg 31,30,53,55,3 64,29,84,53,0 97,27,117,53,1 131,33,148,57,1 164,29,184,54,0 199,27,219,53,0
G:\data_stored\nature_train\000508.jpg 83,60,118,115,0 158,51,196,112,4 224,43,263,109,9 312,53,342,112,0 389,54,423,110,0 460,42,495,100,8
G:\data_stored\nature_train\000509.jpg 93,37,120,72,3 139,35,164,69,9 183,34,214,69,9 230,34,260,67,3 276,25,305,63,2 328,17,350,47,5
G:\data_stored\nature_train\000510.jpg 225,78,269,147,3 320,80,367,150,8 422,73,470,142,0 516,67,571,145,1 620,60,667,139,3 725,69,776,137,9
G:\data_stored\nature_train\000511.jpg 119,17,135,44,3 150,18,171,44,7 185,17,200,44,1 220,18,235,45,5 254,22,269,45,3 288,17,303,37,0
G:\data_stored\nature_train\000512.jpg 21,2,45,42,3 66,5,93,47,7 117,11,138,52,8 212,18,235,49,9 255,21,279,55,9
G:\data_stored\nature_train\000513.jpg 10,16,39,57,3 66,15,97,60,7 126,16,152,62,8 184,27,208,61,8 238,23,263,62,0 292,21,317,60,0
G:\data_stored\nature_train\000514.jpg 33,20,57,59,3 79,18,106,59,7 132,19,156,61,8 182,29,203,62,8 229,23,254,61,0 276,21,298,58,0
G:\data_stored\nature_train\000515.jpg 194,35,219,72,3 242,35,267,70,8 292,35,313,72,6 337,35,359,70,5 386,39,408,72,6 433,31,451,61,9
G:\data_stored\nature_train\000516.jpg 24,7,53,55,4 80,12,111,52,1 143,10,170,53,3 201,14,228,58,9 257,17,285,60,6 318,15,344,54,3
G:\data_stored\nature_train\000517.jpg 18,7,43,42,5 74,9,97,43,4 127,9,153,45,6 182,13,208,45,5 237,13,262,46,0 291,16,319,48,5
G:\data_stored\nature_train\000518.jpg 19,25,46,61,6 72,25,98,61,0 126,26,149,62,2 178,25,202,62,6 232,37,255,65,2 283,35,306,67,0
G:\data_stored\nature_train\000519.jpg 41,27,54,47,0 68,28,82,48,4 94,30,111,52,4 121,30,135,52,7 149,34,164,54,4 176,28,189,47,8
G:\data_stored\nature_train\000520.jpg 19,30,40,62,3 50,29,71,64,3 85,31,102,66,9 121,36,138,66,6 153,35,175,67,3 188,37,210,67,5 227,26,244,48,5
G:\data_stored\nature_train\000521.jpg 15,30,36,58,3 45,32,67,60,4 81,34,100,62,3 118,34,135,62,4 153,33,171,63,1 185,38,205,66,2 223,34,244,62,4
G:\data_stored\nature_train\000522.jpg 19,69,70,133,3 88,71,139,133,4 180,64,221,128,6 264,72,309,139,8 346,71,392,135,8 426,72,468,136,8 521,52,558,125,0
G:\data_stored\nature_train\000523.jpg 51,44,72,84,3 92,51,117,90,5 136,49,162,91,0 179,48,207,89,4 223,51,251,90,6 266,52,295,92,1 314,47,339,88,3
G:\data_stored\nature_train\000524.jpg 170,29,188,65,3 204,32,224,67,5 242,30,262,66,3 279,35,301,66,4 317,35,338,66,8 355,36,375,67,8 397,42,414,72,2
G:\data_stored\nature_train\000525.jpg 42,32,58,60,3 72,29,90,59,5 105,26,124,55,7 140,30,159,60,7 174,29,191,58,8 208,28,226,58,3 243,21,261,49,4
G:\data_stored\nature_train\000526.jpg 124,49,150,92,3 163,52,188,91,6 205,53,227,90,1 246,50,268,90,1 289,53,316,92,3 332,50,355,93,7 382,65,401,102,8
G:\data_stored\nature_train\000527.jpg 82,41,105,67,5 130,43,155,66,3 181,41,203,67,5 228,36,252,66,2 280,35,304,68,8 329,34,354,71,0
G:\data_stored\nature_train\000528.jpg 9,9,32,39,0 49,14,68,40,0 82,16,103,43,3 122,11,142,39,0 159,16,178,43,3 197,17,218,43,8
G:\data_stored\nature_train\000529.jpg 120,68,151,108,5 190,69,220,115,6 258,51,292,92,0 327,63,362,115,2 392,69,429,116,0 461,47,490,93,0
G:\data_stored\nature_train\000530.jpg 95,43,121,77,6 147,45,171,80,8 199,47,224,82,4 251,48,277,82,6 304,48,330,84,5 354,39,380,77,5
G:\data_stored\nature_train\000531.jpg 19,15,52,49,6 18,48,47,80,7 78,39,108,80,6 142,22,171,51,9 140,50,168,85,0 199,48,229,86,3 199,21,231,48,2 264,21,295,50,3 264,48,294,89,4 331,50,362,92,3 332,21,360,52,2
G:\data_stored\nature_train\000532.jpg 27,25,48,56,1 66,25,91,57,4 107,20,130,52,8 147,19,168,53,1 189,19,211,50,1 231,7,255,38,1
G:\data_stored\nature_train\000533.jpg 11,23,27,46,3 37,25,53,47,0 65,24,82,48,5 93,28,107,47,2 122,27,136,49,9 149,30,164,50,3 178,30,191,50,3
G:\data_stored\nature_train\000534.jpg 62,148,86,185,3 100,155,122,191,1 142,151,163,189,1 179,156,204,191,8 222,149,242,186,1 257,157,288,192,9 303,150,329,190,3
G:\data_stored\nature_train\000535.jpg 23,26,48,62,3 63,31,78,64,1 97,33,118,65,8 138,30,157,63,3 172,30,193,66,3 208,29,236,63,2 252,19,266,45,1
G:\data_stored\nature_train\000536.jpg 58,45,98,99,2 122,46,150,102,1 182,48,224,99,5 237,46,279,97,0 305,48,335,95,0 368,48,408,97,5 441,22,459,74,1
G:\data_stored\nature_train\000537.jpg 96,12,141,68,6 171,25,203,75,1 240,24,275,77,5 308,18,342,78,7 377,25,415,76,6 454,13,487,63,5
G:\data_stored\nature_train\000538.jpg 101,20,139,69,6 165,27,204,72,4 228,8,263,64,8 296,14,333,63,9 363,14,396,63,6 428,2,464,48,5
G:\data_stored\nature_train\000539.jpg 68,22,92,58,4 108,23,133,53,0 145,16,173,54,8 186,28,211,61,8 232,23,250,56,0 272,17,292,56,0
G:\data_stored\nature_train\000540.jpg 108,21,140,65,5 167,23,194,68,1 235,23,261,64,1 292,25,330,77,4 353,22,384,78,5 417,45,452,85,7
G:\data_stored\nature_train\000541.jpg 8,15,26,42,2 41,17,58,46,3 72,20,90,45,6 106,18,122,45,8 136,21,155,47,6 168,32,184,53,1
G:\data_stored\nature_train\000542.jpg 5,27,40,71,7 65,24,96,73,2 124,33,155,79,3 182,32,212,79,2 241,34,271,78,0 301,37,323,82,1
G:\data_stored\nature_train\000543.jpg 23,35,45,59,7 67,33,92,59,6 112,33,137,58,5 161,29,185,56,6 208,30,230,56,4 257,19,278,48,8
G:\data_stored\nature_train\000544.jpg 1,41,35,78,8 62,41,92,80,0 121,41,152,82,6 182,40,213,81,6 244,40,276,84,5 309,32,338,74,5
G:\data_stored\nature_train\000545.jpg 143,14,166,44,8 184,16,206,44,9 225,15,247,44,0 261,16,288,44,5 305,15,329,43,5 349,8,368,38,5
G:\data_stored\nature_train\000546.jpg 10,1,44,46,0 64,3,98,48,5 130,5,160,48,3 190,3,223,51,2 256,4,289,52,5 320,9,353,54,5
G:\data_stored\nature_train\000547.jpg 21,7,46,39,9 69,8,92,39,4 113,6,137,37,0 161,9,182,39,5 205,7,229,38,7 254,4,276,34,0
G:\data_stored\nature_train\000548.jpg 91,22,120,62,7 141,20,162,58,1 185,24,212,64,2 232,27,256,61,2 277,30,301,73,5 321,37,347,76,8
G:\data_stored\nature_train\000549.jpg 165,36,191,72,0 214,37,243,77,8 269,36,288,71,1 319,33,345,72,2 366,36,397,71,2 422,46,453,78,2
G:\data_stored\nature_train\000550.jpg 156,41,198,98,2 226,36,269,96,0 298,31,339,97,6 374,29,423,93,9 457,21,502,87,9 536,31,582,97,0
G:\data_stored\nature_train\000551.jpg 98,19,127,56,3 146,18,173,56,7 199,18,221,53,3 245,16,271,48,2 298,16,321,51,9 347,18,379,60,5
G:\data_stored\nature_train\000552.jpg 141,19,165,53,5 186,14,209,49,0 230,14,257,51,8 281,17,299,50,1 322,18,348,54,9 373,26,395,57,3
G:\data_stored\nature_train\000553.jpg 12,12,42,62,6 77,10,95,54,1 132,8,170,56,6 198,4,234,49,0 263,4,299,53,9 332,1,364,52,1
G:\data_stored\nature_train\000554.jpg 8,23,30,55,9 48,19,71,52,0 86,20,112,53,7 128,17,154,48,3 171,12,191,45,1
G:\data_stored\nature_train\000555.jpg 81,19,101,51,1 117,17,139,48,8 158,15,177,46,1 193,16,221,49,2 233,14,262,46,0 275,10,300,45,0
G:\data_stored\nature_train\000556.jpg 128,21,146,45,5 154,21,176,44,4 186,16,205,43,2 214,16,237,42,6 246,14,269,39,2 280,12,300,37,3
G:\data_stored\nature_train\000557.jpg 93,17,115,50,8 133,20,158,52,4 179,23,202,55,4 227,24,250,57,6 267,27,298,58,8 319,28,342,59,2
G:\data_stored\nature_train\000558.jpg 56,15,71,37,6 79,15,94,37,7 106,14,122,36,5 133,13,149,35,3 162,13,177,37,3 193,10,205,34,1
G:\data_stored\nature_train\000559.jpg 98,9,118,38,9 131,12,153,45,7 167,17,188,47,4 202,22,227,50,4 240,25,265,55,5 279,30,302,61,9
G:\data_stored\nature_train\000560.jpg 134,31,152,57,2 170,31,188,55,2 205,35,222,59,0 240,36,259,64,8 275,38,292,62,0 307,42,326,70,5
G:\data_stored\nature_train\000561.jpg 147,58,172,95,1 196,59,227,98,5 293,63,320,99,8 252,77,277,109,2 347,61,367,93,1 396,79,418,110,8
G:\data_stored\nature_train\000562.jpg 20,9,43,49,1 84,12,114,52,4 150,17,181,58,6 213,22,244,58,7 279,24,307,62,7 343,20,369,44,4
G:\data_stored\nature_train\000563.jpg 35,18,68,65,1 95,23,140,61,4 171,28,210,70,6 248,22,283,67,7 317,22,352,70,7 397,8,424,42,4
G:\data_stored\nature_train\000564.jpg 150,26,175,66,1 213,36,249,72,4 278,39,312,77,8 345,43,376,82,8 407,46,437,87,5 469,42,498,79,0
G:\data_stored\nature_train\000565.jpg 86,104,116,152,1 132,96,167,148,5 191,84,216,133,1 244,69,281,121,3 312,55,347,114,8 383,38,421,90,7
G:\data_stored\nature_train\000566.jpg 58,23,86,54,1 103,27,128,60,8 150,26,171,63,0 193,34,217,67,9 232,35,262,66,7
G:\data_stored\nature_train\000567.jpg 30,9,44,24,2 55,6,70,23,7 81,9,97,22,4 111,6,125,21,0 137,5,152,21,7 167,3,185,20,2
G:\data_stored\nature_train\000568.jpg 125,51,167,105,0 191,55,231,107,0 261,52,298,107,1 330,64,377,115,9 404,69,437,124,1 483,95,504,144,1
G:\data_stored\nature_train\000569.jpg 13,26,36,53,0 52,24,71,55,1 88,26,111,57,7 128,25,147,55,5 162,16,185,45,6 204,20,225,46,9
G:\data_stored\nature_train\000570.jpg 121,55,151,93,4 169,57,199,97,1 220,56,249,96,1 270,60,304,103,2 322,60,354,100,0 372,37,399,75,8 377,75,402,111,9
G:\data_stored\nature_train\000571.jpg 62,35,85,60,5 91,32,113,55,3 121,29,139,53,4 147,17,168,41,9 151,41,170,63,0 178,26,197,51,8 206,24,229,51,4
G:\data_stored\nature_train\000572.jpg 124,68,144,94,2 155,66,174,93,7 187,66,207,93,8 218,67,240,92,0 252,65,268,89,7
G:\data_stored\nature_train\000573.jpg 100,66,124,93,6 139,60,161,93,1 182,65,201,93,8 219,62,241,93,4 260,68,284,95,8
G:\data_stored\nature_train\000574.jpg 65,37,99,83,4 119,37,152,84,9 175,38,207,85,9 229,38,262,85,3 285,37,319,82,7 347,26,381,67,4
G:\data_stored\nature_train\000575.jpg 132,37,165,85,8 182,39,220,88,0 234,38,265,87,7 293,39,316,82,5 340,39,374,81,9 400,41,425,80,4
G:\data_stored\nature_train\000576.jpg 99,77,144,142,5 179,75,219,137,9 252,74,293,140,2 327,67,372,133,3 407,69,447,136,5 489,61,538,130,7
G:\data_stored\nature_train\000577.jpg 160,60,211,130,0 250,63,295,132,2 333,60,380,132,5 422,60,479,130,7 512,57,567,131,3
G:\data_stored\nature_train\000578.jpg 69,37,95,73,0 116,35,138,73,7 160,36,183,70,1 201,30,229,63,2 250,29,274,63,9 295,30,317,62,9
G:\data_stored\nature_train\000579.jpg 45,46,66,77,1 80,47,101,77,8 117,46,141,77,7 157,44,174,75,9 191,49,211,74,7 228,50,250,77,3
G:\data_stored\nature_train\000580.jpg 187,122,236,192,7 259,134,300,193,6 331,124,383,183,1 410,125,450,186,1 486,137,530,198,4 559,122,609,185,5
G:\data_stored\nature_train\000581.jpg 110,50,137,91,3 161,51,183,91,0 206,54,229,94,8 255,55,278,92,4 303,56,323,93,7
G:\data_stored\nature_train\000582.jpg 43,36,58,62,3 75,35,91,63,4 111,37,125,63,4 146,36,161,64,2 177,35,195,63,6 215,39,233,65,3
G:\data_stored\nature_train\000583.jpg 119,39,135,66,3 154,39,169,67,3 189,41,204,67,9 224,42,239,68,6 260,38,276,69,0
G:\data_stored\nature_train\000584.jpg 145,48,177,84,2 197,47,226,86,4 249,46,273,82,1 298,45,328,87,7 351,42,382,84,7 406,42,435,85,8
G:\data_stored\nature_train\000585.jpg 115,30,132,59,7 156,31,180,57,2 193,32,217,57,2 237,34,255,62,7 277,34,299,62,5 320,50,344,81,2
G:\data_stored\nature_train\000586.jpg 62,18,75,39,0 86,17,103,39,5 111,18,127,39,9 138,17,152,38,3 161,16,180,38,6 191,8,202,28,8 190,27,202,46,9
G:\data_stored\nature_train\000587.jpg 126,110,186,210,3 209,102,272,207,8 300,91,368,209,6 412,83,469,198,0 529,58,598,194,1 674,85,763,210,6
G:\data_stored\nature_train\000588.jpg 260,114,298,169,5 311,103,346,172,1 353,94,399,161,7 414,86,449,146,4 472,75,516,144,5 539,78,575,142,0
G:\data_stored\nature_train\000589.jpg 125,77,166,118,6 185,77,224,115,9 248,73,284,115,2 310,69,344,111,2 377,61,408,106,6
G:\data_stored\nature_train\000590.jpg 146,89,193,160,7 233,78,281,153,4 320,68,370,144,7 412,58,448,144,1 499,47,552,124,6 606,59,657,130,6
G:\data_stored\nature_train\000591.jpg 122,49,146,80,4 158,46,177,81,1 196,50,213,82,1 232,47,255,81,2 266,47,289,80,2 310,42,336,70,4
G:\data_stored\nature_train\000592.jpg 85,87,143,167,8 174,91,234,161,6 275,86,333,161,6 367,83,424,147,0 467,90,526,163,5 562,99,615,174,9
G:\data_stored\nature_train\000593.jpg 73,84,118,146,0 142,80,189,141,9 227,85,266,148,6 300,85,341,145,4 372,82,411,142,1 456,84,497,141,4
G:\data_stored\nature_train\000594.jpg 157,64,198,115,4 223,64,277,121,4 298,59,346,119,5 371,59,405,109,1 444,49,478,107,0 511,60,558,113,4
G:\data_stored\nature_train\000595.jpg 294,69,322,118,8 344,70,377,120,5 395,66,431,109,8 452,64,480,113,0 560,70,586,105,9
G:\data_stored\nature_train\000596.jpg 89,37,110,69,5 124,39,145,74,5 165,40,185,70,3 198,42,221,73,9 241,46,264,80,7 275,59,302,94,7
G:\data_stored\nature_train\000597.jpg 148,60,173,89,9 184,57,206,89,4 217,58,242,88,6 256,57,277,88,4 287,58,312,87,5 332,54,351,84,3
G:\data_stored\nature_train\000598.jpg 28,32,46,57,0 60,30,73,52,8 87,31,106,50,8 119,30,135,52,3 150,30,167,53,2 183,40,198,61,5
G:\data_stored\nature_train\000599.jpg 52,37,70,62,4 83,37,99,62,4 109,37,130,62,4 142,30,159,55,0 171,34,190,63,4 202,31,221,57,7
G:\data_stored\nature_train\000600.jpg 80,34,91,53,5 100,35,113,52,3 122,37,135,54,4 144,35,155,53,2 165,35,177,50,2 189,34,202,49,9
G:\data_stored\nature_train\000601.jpg 137,59,176,123,4 216,63,256,128,2 292,70,339,136,7 371,69,417,135,7 449,70,499,140,5 541,98,583,163,7
G:\data_stored\nature_train\000602.jpg 140,141,208,232,5 246,137,322,227,6 367,146,438,241,1 475,153,552,246,8 577,146,661,249,5
G:\data_stored\nature_train\000603.jpg 293,105,333,151,0 342,105,372,152,6 390,106,426,155,6 439,103,473,149,0 491,109,529,155,8 549,129,578,173,6
G:\data_stored\nature_train\000604.jpg 164,36,200,78,1 211,36,241,74,7 257,29,283,80,1 300,36,327,77,5 347,32,373,76,5 396,42,428,78,8
G:\data_stored\nature_train\000605.jpg 188,73,221,134,8 250,80,282,135,6 308,82,349,136,5 371,88,410,141,9 436,80,469,139,3 503,113,536,161,2
G:\data_stored\nature_train\000606.jpg 33,38,51,64,1 62,36,80,62,6 94,33,111,61,9 122,28,144,58,7 156,25,176,52,6
G:\data_stored\nature_train\000607.jpg 87,43,109,75,0 117,40,138,73,7 149,36,170,69,3 182,33,202,68,9 216,36,238,68,7 253,53,274,80,7
G:\data_stored\nature_train\000608.jpg 164,99,209,151,1 232,102,276,156,7 300,101,339,159,2 368,109,407,159,4 437,102,477,156,0 507,85,549,134,0
G:\data_stored\nature_train\000609.jpg 47,89,95,147,0 120,95,167,147,6 195,93,240,149,5 264,102,316,156,8 346,100,385,155,9 413,70,459,130,4
G:\data_stored\nature_train\000610.jpg 93,76,151,138,0 172,85,226,145,7 259,80,320,147,7 353,81,399,141,1 439,85,481,147,8 527,82,574,144,6
G:\data_stored\nature_train\000611.jpg 195,94,231,136,6 257,92,290,137,3 318,92,354,140,3 373,89,409,138,7 436,96,478,143,9 494,97,532,140,6
G:\data_stored\nature_train\000612.jpg 77,35,96,53,7 103,33,118,51,1 132,35,147,54,9 161,35,173,54,9 185,37,203,55,4 213,32,228,49,3
G:\data_stored\nature_train\000613.jpg 90,35,105,54,8 116,37,129,55,0 140,38,155,58,2 164,41,178,59,6 189,44,204,61,4 212,41,226,61,1
G:\data_stored\nature_train\000614.jpg 76,52,99,87,1 119,55,146,89,1 177,64,199,96,1 172,36,198,64,0 121,31,145,55,0 222,35,247,61,9 222,62,247,94,0 261,40,294,65,7 270,63,291,95,8 315,58,338,95,4
G:\data_stored\nature_train\000615.jpg 23,46,45,73,0 59,47,83,72,4 98,47,119,73,8 134,45,155,71,1 173,45,193,72,1 213,38,235,67,0
G:\data_stored\nature_train\000616.jpg 40,37,59,66,1 75,39,96,71,3 112,38,132,69,5 148,41,170,68,8 182,41,202,67,7 220,39,241,67,8
G:\data_stored\nature_train\000617.jpg 38,29,52,46,4 64,24,77,44,2 88,25,103,44,9 111,24,128,43,7 135,23,151,41,2 161,23,175,39,4
G:\data_stored\nature_train\000618.jpg 53,69,78,114,1 106,77,139,121,5 166,76,199,121,5 222,78,252,124,2 277,68,310,111,2 337,63,363,109,9
G:\data_stored\nature_train\000619.jpg 53,52,76,87,1 96,61,122,95,6 145,57,171,94,6 190,61,210,97,1 235,51,263,85,0 278,49,306,83,9
G:\data_stored\nature_train\000620.jpg 28,23,44,46,8 53,28,74,48,5 82,28,96,48,5 107,29,122,48,8 135,33,148,50,4 161,35,174,53,2
G:\data_stored\nature_train\000621.jpg 54,58,89,116,3 131,58,167,113,3 204,59,244,120,5 279,66,319,122,9 354,65,385,119,4 430,52,461,94,4
G:\data_stored\nature_train\000622.jpg 16,16,33,47,5 53,17,69,45,6 84,19,103,47,0 117,20,137,48,8 152,22,167,52,9
G:\data_stored\nature_train\000623.jpg 86,29,99,50,5 108,30,119,49,7 129,30,141,49,2 149,31,161,49,9 168,31,179,51,8 189,30,196,45,0
G:\data_stored\nature_train\000624.jpg 119,52,149,91,2 176,58,202,99,6 235,52,261,94,8 291,52,316,94,3 345,52,373,95,5 403,64,428,105,4
G:\data_stored\nature_train\000625.jpg 46,28,61,47,0 73,26,82,46,1 95,27,110,47,7 120,30,134,48,5 146,29,158,46,0 172,24,184,40,4
G:\data_stored\nature_train\000626.jpg 29,40,49,69,2 65,43,87,72,6 106,41,124,72,7 144,41,163,70,8 184,42,202,75,5
G:\data_stored\nature_train\000627.jpg 61,117,135,235,1 178,121,254,236,3 313,123,378,218,1 443,120,507,235,9 576,119,649,238,2 722,119,786,227,8
G:\data_stored\nature_train\000628.jpg 111,71,146,130,6 182,71,215,129,1 251,71,294,131,4 324,68,358,127,1 392,67,433,128,2 470,55,500,113,3
G:\data_stored\nature_train\000629.jpg 89,37,116,70,9 131,39,153,71,2 170,38,191,70,6 206,42,228,74,6 246,37,269,71,0 287,27,304,58,5
G:\data_stored\nature_train\000630.jpg 42,31,60,61,4 75,32,96,62,7 112,33,129,64,5 147,29,166,58,2 183,29,202,62,9 218,25,236,52,6
G:\data_stored\nature_train\000631.jpg 78,39,104,74,4 120,42,144,77,5 158,40,183,74,0 204,37,225,74,7 243,39,267,74,2 287,37,311,68,3
G:\data_stored\nature_train\000632.jpg 43,42,66,71,1 76,45,98,74,4 110,43,130,70,2 141,47,159,70,6 174,42,192,72,5 205,39,226,63,6
G:\data_stored\nature_train\000633.jpg 135,105,166,152,6 201,103,231,152,4 264,97,299,148,0 329,103,364,153,5 393,101,430,155,4 462,91,501,150,8
G:\data_stored\nature_train\000634.jpg 96,95,145,148,9 162,94,205,148,7 238,86,267,137,1 302,83,343,138,5 373,79,415,132,2 442,60,480,111,6
G:\data_stored\nature_train\000635.jpg 124,60,144,84,3 157,56,179,82,2 193,56,213,83,3 228,56,250,81,6 263,53,281,78,8 295,50,313,76,6
G:\data_stored\nature_train\000636.jpg 119,39,138,64,8 147,37,164,61,9 178,36,192,62,8 208,35,226,61,0 238,33,255,58,7 266,33,286,56,9
G:\data_stored\nature_train\000637.jpg 168,85,187,109,0 199,84,215,109,6 229,82,246,107,3 261,80,278,107,6 291,78,309,103,1 322,74,344,99,7
G:\data_stored\nature_train\000638.jpg 63,56,125,136,5 169,55,241,150,5 296,96,346,177,1 415,97,472,187,4 526,49,592,144,9 642,77,708,159,9
G:\data_stored\nature_train\000639.jpg 109,49,130,80,3 150,50,171,78,9 195,50,214,80,9 234,47,262,76,9 281,47,303,75,9 327,55,345,80,1
G:\data_stored\nature_train\000640.jpg 116,60,151,120,2 187,68,215,125,0 251,69,280,123,8 317,71,349,124,9 386,71,414,123,1 452,65,482,111,4
G:\data_stored\nature_train\000641.jpg 134,47,178,107,2 216,50,251,118,1 294,58,332,124,5 366,57,409,125,7 452,69,487,127,6 532,70,566,127,5
G:\data_stored\nature_train\000642.jpg 127,94,178,165,5 228,97,273,164,8 329,100,377,171,3 430,104,479,182,2 527,100,579,174,9 630,116,683,193,9
G:\data_stored\nature_train\000643.jpg 184,81,221,140,7 253,88,292,147,5 318,94,357,144,3 387,96,431,143,4 450,98,495,143,9 532,80,550,125,1
G:\data_stored\nature_train\000644.jpg 60,82,107,140,0 132,83,175,140,9 212,80,259,136,6 293,77,333,133,3 372,83,412,134,7 455,75,494,130,0
G:\data_stored\nature_train\000645.jpg 110,111,164,187,1 240,114,282,200,1 357,125,411,212,9 472,130,531,216,6 597,127,649,212,6 713,129,770,210,6
G:\data_stored\nature_train\000646.jpg 154,72,191,119,1 229,67,268,115,2 302,62,340,111,6 374,59,411,108,2 449,56,485,102,3 527,39,564,79,0
G:\data_stored\nature_train\000647.jpg 112,61,130,89,1 146,64,168,93,3 183,64,203,91,8 223,64,244,91,3 258,63,277,92,5
G:\data_stored\nature_train\000648.jpg 107,98,143,146,1 172,98,215,145,5 241,88,288,138,0 317,78,358,131,2 387,67,430,126,5 469,48,513,100,3
G:\data_stored\nature_train\000649.jpg 58,59,79,84,1 93,57,115,83,5 128,57,146,80,9 165,52,180,76,1 201,52,222,74,0 242,38,256,63,8
G:\data_stored\nature_train\000650.jpg 73,38,93,68,1 110,38,133,68,6 149,38,167,69,9 185,36,203,67,1 226,36,247,67,8
