G:\data_stored\reshape_train\000000.jpg 36,100,55,167,1 75,102,96,170,5 116,108,137,174,9 156,106,178,175,8 195,106,218,172,9 240,137,258,193,5 241,87,259,136,4
G:\data_stored\reshape_train\000001.png 15,82,39,280,0 63,87,87,280,7 111,91,136,285,3 158,87,183,290,3 208,87,236,295,4 260,33,284,232,5
G:\data_stored\reshape_train\000002.png 4,71,30,259,0 51,111,80,284,7 102,101,132,279,5 152,61,177,244,8 197,66,222,249,9 244,50,269,228,8
G:\data_stored\reshape_train\000003.png 10,3,38,206,0 67,19,94,229,7 120,61,148,258,6 171,67,200,254,2 221,90,246,277,2 270,119,295,300,3
G:\data_stored\reshape_train\000004.png 4,42,28,284,1 53,68,75,278,1 105,47,129,278,0 154,36,180,263,4 206,21,233,257,5 261,5,286,231,5
G:\data_stored\reshape_train\000005.png 9,29,39,248,1 57,51,88,270,5 106,73,136,278,9 158,95,185,278,3 206,95,236,285,2
G:\data_stored\reshape_train\000006.png 16,55,39,258,2 64,62,90,286,3 110,62,137,265,6 160,41,185,265,3 209,34,233,258,1 257,118,284,286,9
G:\data_stored\reshape_train\000007.png 0,6,31,231,1 53,20,84,248,1 110,51,137,252,8 165,68,191,279,4 217,78,247,286,5 275,85,299,300,8
G:\data_stored\reshape_train\000008.png 15,82,35,276,1 58,64,82,258,1 108,64,134,258,3 157,64,184,258,5 208,29,235,229,8 264,23,287,211,9
G:\data_stored\reshape_train\000009.png 13,61,37,211,0 56,70,83,211,0 105,70,129,220,3 151,70,175,229,0 197,79,221,220,3 240,105,267,220,6
G:\data_stored\reshape_train\000010.png 17,97,44,251,0 65,111,89,265,5 113,118,136,272,8 158,118,182,265,6 210,111,229,258,1 256,146,275,272,8
G:\data_stored\reshape_train\000011.png 17,125,42,275,0 63,116,89,266,3 110,116,138,266,6 161,108,185,258,5 206,100,234,250,0 253,41,280,191,3
G:\data_stored\reshape_train\000012.png 14,55,40,258,0 58,27,86,251,5 106,41,133,258,9 158,20,180,251,1 205,48,230,258,4 253,76,277,279,7
G:\data_stored\reshape_train\000013.jpg 12,78,37,234,2 61,112,87,250,7 113,110,135,254,5 160,94,185,244,3 212,108,235,252,4
G:\data_stored\reshape_train\000014.jpg 37,118,60,260,9 86,94,109,236,3 132,78,154,214,8 180,86,201,226,7 226,68,248,200,7 273,44,297,174,5
G:\data_stored\reshape_train\000015.jpg 27,70,42,272,3 56,64,71,262,1 89,50,106,252,2 120,48,137,250,8 152,36,169,242,2 183,62,201,282,8
G:\data_stored\reshape_train\000016.jpg 4,76,26,254,1 59,102,84,264,3 114,100,139,262,7 169,100,196,258,4 224,94,250,254,8 281,58,300,218,3
G:\data_stored\reshape_train\000017.jpg 35,98,58,232,4 82,94,106,224,2 131,88,157,230,4 181,88,201,228,1 230,78,252,214,1
G:\data_stored\reshape_train\000018.jpg 11,120,42,288,4 63,142,89,300,0 112,142,138,300,0 161,142,185,300,0 210,136,232,288,3 262,72,283,218,8
G:\data_stored\reshape_train\000019.jpg 18,132,45,300,2 72,128,96,278,8 124,150,148,300,6 172,156,195,300,1 223,150,246,300,0 273,124,299,292,7
G:\data_stored\reshape_train\000020.jpg 32,110,53,238,0 76,120,100,256,8 122,114,144,250,2 167,120,187,254,6 208,106,232,234,5 255,104,277,236,2
G:\data_stored\reshape_train\000021.jpg 71,86,84,250,5 95,86,108,248,2 120,82,132,244,2 145,90,156,240,8 168,84,182,244,4 194,64,207,188,4
G:\data_stored\reshape_train\000022.jpg 36,112,55,286,0 69,112,87,270,0 101,116,119,300,4 135,114,152,282,8 167,122,186,280,8 202,118,217,276,4
G:\data_stored\reshape_train\000023.jpg 42,146,59,290,8 74,150,92,286,6 111,152,129,288,3 145,152,166,286,7 186,166,201,286,3 220,152,240,284,2
G:\data_stored\reshape_train\000024.jpg 43,148,58,300,0 80,130,95,300,1 118,118,135,300,2 158,116,178,300,2 197,124,214,300,9 237,116,256,300,7
G:\data_stored\reshape_train\000025.jpg 47,136,67,300,3 85,124,100,288,4 120,126,137,292,9 154,140,173,300,9 190,148,206,300,7 224,148,239,300,0
G:\data_stored\reshape_train\000026.jpg 83,96,95,256,5 104,112,116,254,7 125,106,137,248,7 146,110,161,250,4 167,136,180,248,3 190,156,201,250,0
G:\data_stored\reshape_train\000027.jpg 70,64,87,174,2 96,68,114,186,9 125,68,140,190,4 152,70,169,190,5 182,74,197,190,3 211,66,226,178,0
G:\data_stored\reshape_train\000028.jpg 83,46,98,164,0 112,56,127,184,4 142,62,160,186,4 173,66,189,200,7 204,70,221,204,2 237,140,255,270,9
G:\data_stored\reshape_train\000029.jpg 44,98,74,260,3 95,98,123,252,5 148,98,174,254,5 201,94,227,246,9 250,112,274,262,3
G:\data_stored\reshape_train\000030.jpg 97,98,109,212,2 116,114,127,204,3 135,104,147,202,9 156,106,168,204,3 176,100,189,202,4 198,94,208,190,9
G:\data_stored\reshape_train\000031.jpg 82,166,96,300,0 109,166,120,300,4 134,144,147,300,8 160,142,172,298,9 186,128,198,280,0 209,136,223,300,5
G:\data_stored\reshape_train\000032.jpg 62,86,74,250,1 88,100,103,258,8 114,104,127,258,3 139,92,151,242,2 165,82,178,244,9 190,92,201,226,9
G:\data_stored\reshape_train\000033.jpg 72,156,83,256,1 97,152,109,254,0 120,148,132,254,0 144,140,157,256,2 170,142,180,250,1 194,154,206,256,2
G:\data_stored\reshape_train\000034.jpg 80,80,91,208,2 104,94,115,220,6 127,88,137,212,3 150,98,161,214,9 173,96,185,214,5 198,30,209,146,8
G:\data_stored\reshape_train\000035.jpg 73,211,83,266,3 93,210,103,264,3 112,215,121,272,7 131,214,139,266,4 149,212,159,269,4 167,209,175,264,2
G:\data_stored\reshape_train\000036.jpg 23,123,35,205,1 64,120,75,205,1 101,133,118,213,7 140,125,158,211,2 177,130,195,215,9 213,139,231,216,3
G:\data_stored\reshape_train\000037.jpg 79,160,88,298,1 95,154,103,286,1 110,142,121,270,4 127,134,138,270,4 145,124,155,260,5 166,106,173,250,1
G:\data_stored\reshape_train\000038.jpg 94,124,105,256,0 116,130,127,250,5 138,134,148,254,4 160,146,171,250,5 181,152,192,256,6 204,158,215,258,2
G:\data_stored\reshape_train\000039.jpg 23,104,41,248,1 66,118,92,258,2 114,124,133,262,9 156,110,178,252,7 200,100,222,252,8 250,186,261,278,1
G:\data_stored\reshape_train\000040.jpg 23,146,48,278,5 72,154,92,300,4 120,170,135,300,1 162,176,182,300,8 206,174,227,300,4 251,178,271,300,5
G:\data_stored\reshape_train\000041.png 1,49,28,236,1 48,83,79,270,7 100,98,127,270,8 150,68,172,250,1 195,103,220,265,4 244,118,270,275,5
G:\data_stored\reshape_train\000042.png 1,117,24,288,1 48,141,77,282,8 94,123,124,276,8 144,88,171,241,1 191,82,222,241,2 243,76,272,229,3
G:\data_stored\reshape_train\000043.png 7,62,33,285,2 59,48,82,277,0 109,62,135,270,9 158,51,183,262,3 208,40,236,270,5 259,3,284,222,2
G:\data_stored\reshape_train\000044.png 8,153,35,300,2 53,142,77,280,1 102,118,131,260,0 152,102,180,248,8 199,67,226,205,0 251,55,278,177,2
G:\data_stored\reshape_train\000045.png 7,27,29,198,2 51,55,75,209,2 103,71,127,228,5 151,74,178,239,2 202,88,229,250,9 255,99,276,239,1
G:\data_stored\reshape_train\000046.png 10,3,36,205,2 58,15,84,221,8 107,15,128,225,8 155,31,177,228,9 200,31,226,232,0 250,35,274,244,3
G:\data_stored\reshape_train\000047.png 16,20,40,267,2 63,36,88,271,9 114,24,136,267,3 160,28,185,279,5 207,28,231,263,2 258,41,280,271,8
G:\data_stored\reshape_train\000048.png 9,48,30,265,3 57,41,80,265,0 109,27,128,258,1 160,27,182,272,4 210,48,230,265,6 260,41,280,258,8
G:\data_stored\reshape_train\000049.png 30,86,55,248,0 80,103,106,271,4 128,92,152,253,8 174,92,200,253,2 221,103,247,259,0 267,57,294,190,0
G:\data_stored\reshape_train\000050.png 1,61,26,300,7 54,30,80,269,2 103,38,131,269,5 153,30,180,253,1 207,130,232,300,7 259,84,289,300,0
G:\data_stored\reshape_train\000051.png 19,66,44,266,0 73,66,96,266,8 118,50,142,244,4 166,50,190,244,9 208,44,239,244,5 261,100,285,272,7
G:\data_stored\reshape_train\000052.png 11,31,40,237,4 60,56,84,243,9 105,56,132,250,0 151,68,177,256,8 202,81,222,256,1 251,62,276,237,5
G:\data_stored\reshape_train\000053.png 8,109,36,300,0 56,102,79,300,5 105,88,128,300,1 154,102,176,300,6 205,81,227,300,1 256,20,284,238,5
G:\data_stored\reshape_train\000054.png 7,36,33,250,5 56,46,82,260,5 105,56,131,270,4 154,56,178,270,2 203,56,226,263,0 259,86,281,286,8
G:\data_stored\reshape_train\000055.png 9,3,31,171,6 54,3,84,179,2 104,11,130,194,5 150,15,177,198,7 198,35,220,214,4 245,35,270,206,0
G:\data_stored\reshape_train\000056.png 8,59,36,267,7 54,50,80,244,0 102,64,128,276,9 151,55,175,276,5 202,59,227,290,6 258,9,281,216,4
G:\data_stored\reshape_train\000057.png 10,31,35,196,0 55,41,85,206,9 105,51,133,237,4 151,62,181,248,7 199,51,229,237,0
G:\data_stored\reshape_train\000058.png 20,81,45,245,0 64,81,88,254,5 109,81,130,245,7 153,90,177,254,8 200,90,223,245,4 248,63,271,200,4
G:\data_stored\reshape_train\000059.png 12,72,37,240,8 57,64,85,235,2 106,60,136,214,8 158,51,190,218,9 212,55,241,227,2 266,60,295,231,0
G:\data_stored\reshape_train\000060.png 7,50,32,275,8 52,29,73,266,3 95,66,118,279,2 141,70,162,270,6 188,41,206,270,1 240,29,261,237,4
G:\data_stored\reshape_train\000061.png 15,45,40,275,9 60,45,83,271,0 106,41,131,287,6 154,16,180,263,6 206,36,233,263,9 264,4,289,258,2
G:\data_stored\reshape_train\000062.png 7,70,29,287,9 56,104,77,283,2 104,112,125,279,1 152,95,178,291,0 203,95,228,287,6 255,79,279,283,7
G:\data_stored\reshape_train\000063.png 8,45,36,255,9 50,30,78,240,2 100,15,122,255,9 143,22,167,225,9 191,7,216,240,2 242,22,267,262,6
G:\data_stored\reshape_train\000064.png 9,33,38,266,9 73,44,104,277,5 130,50,171,300,8 191,55,222,283,2 245,38,282,272,2
G:\data_stored\reshape_train\000065.png 3,5,33,228,0 56,10,84,238,4 102,10,133,244,3 148,5,178,208,8 199,5,225,208,7 247,5,276,213,3
G:\data_stored\reshape_train\000066.jpg 3,84,37,196,7 58,83,101,191,5 125,88,154,199,1 187,96,223,207,3 250,81,282,188,9
G:\data_stored\reshape_train\000067.jpg 49,65,72,154,7 85,65,105,157,8 123,65,143,166,8 159,68,180,172,4 198,59,220,172,2 235,103,254,187,5
G:\data_stored\reshape_train\000068.jpg 54,87,73,212,7 87,94,102,216,9 117,102,131,212,1 145,106,160,216,9 177,106,191,216,0 205,132,223,220,5
G:\data_stored\reshape_train\000069.jpg 26,120,42,233,1 60,117,83,235,6 100,115,121,230,7 142,107,159,224,1 181,112,199,222,1 222,125,243,230,0
G:\data_stored\reshape_train\000070.jpg 47,70,61,175,8 72,73,87,178,7 101,67,113,169,4 130,63,141,169,1 156,73,169,169,8 190,79,203,181,8
G:\data_stored\reshape_train\000071.jpg 40,54,61,200,7 82,42,100,180,1 122,40,141,177,7 158,34,174,160,8 193,37,207,154,3 225,28,240,114,8
G:\data_stored\reshape_train\000072.jpg 36,91,54,208,0 77,97,95,211,3 116,110,133,217,3 157,104,176,211,7 197,107,216,214,3 241,79,260,180,4
G:\data_stored\reshape_train\000073.jpg 26,81,46,189,8 60,85,82,195,9 103,75,119,184,1 140,81,163,193,6 186,70,203,186,1 230,75,248,189,1
G:\data_stored\reshape_train\000074.jpg 28,97,51,215,7 66,100,87,222,4 108,105,129,222,9 154,97,172,220,9 192,107,219,240,5 242,102,263,220,2
G:\data_stored\reshape_train\000075.jpg 77,165,89,260,8 101,165,114,248,0 123,169,137,248,5 149,167,162,253,8 174,172,187,258,4 201,174,214,265,3
G:\data_stored\reshape_train\000076.jpg 25,152,40,231,1 58,157,80,239,8 97,155,114,231,8 133,150,154,234,2 168,155,187,231,1 208,176,226,252,8
G:\data_stored\reshape_train\000077.jpg 60,176,75,268,8 87,160,105,260,5 119,140,135,240,7 152,120,167,208,4 187,96,200,196,1 219,104,236,192,9
G:\data_stored\reshape_train\000078.jpg 30,162,53,282,3 73,136,96,246,6 112,102,137,213,2 153,88,176,187,5 190,62,211,168,5 224,36,246,136,5
G:\data_stored\reshape_train\000079.jpg 18,58,41,196,6 60,62,81,203,6 106,79,126,213,9 149,75,168,237,2 188,106,212,241,6 238,148,257,275,4
G:\data_stored\reshape_train\000080.jpg 41,78,61,215,2 78,99,96,224,3 110,99,133,230,5 145,99,166,227,6 182,96,198,241,1
G:\data_stored\reshape_train\000081.jpg 47,135,62,237,1 76,139,95,233,4 107,130,126,235,5 135,126,156,229,0 170,120,186,222,3 202,115,218,214,8
G:\data_stored\reshape_train\000082.jpg 53,97,71,212,2 86,99,103,209,9 121,94,139,212,6 156,89,173,202,3 188,92,207,197,9 226,118,241,212,8
G:\data_stored\reshape_train\000083.jpg 36,100,54,194,1 72,105,95,199,0 113,111,133,203,5 153,118,173,203,8 191,123,211,205,3 230,125,249,208,3
G:\data_stored\reshape_train\000084.jpg 84,141,97,218,4 110,145,124,224,5 135,154,150,230,6 161,150,177,230,6 187,144,203,221,2 217,136,225,197,1
G:\data_stored\reshape_train\000085.jpg 60,117,78,219,4 92,123,113,223,8 130,115,147,215,3 163,119,181,221,5 199,115,214,210,1
G:\data_stored\reshape_train\000086.jpg 20,75,45,191,4 62,81,84,195,2 103,90,125,204,2 146,99,167,215,7 191,97,210,218,7
G:\data_stored\reshape_train\000087.jpg 22,106,48,229,4 69,114,96,231,2 120,114,145,232,2 166,121,189,234,7 217,145,239,237,7 269,135,290,234,0
G:\data_stored\reshape_train\000088.jpg 30,145,55,256,4 72,137,96,242,8 118,145,138,254,9 165,140,183,256,1 207,142,230,251,3 259,101,283,201,6
G:\data_stored\reshape_train\000089.jpg 43,132,62,248,6 76,138,94,256,9 113,132,130,256,7 150,112,164,239,1 184,109,205,230,4
G:\data_stored\reshape_train\000090.jpg 56,95,76,225,8 98,105,117,233,1 140,129,159,257,3 179,139,198,269,7 217,156,238,271,5 257,115,276,218,8
G:\data_stored\reshape_train\000091.jpg 36,167,58,272,8 74,161,94,270,7 113,148,131,257,1 152,128,174,241,8 199,111,221,227,7 245,103,268,206,8
G:\data_stored\reshape_train\000092.jpg 36,138,59,266,9 76,127,96,244,2 116,116,134,233,4 150,105,175,233,9 195,44,214,155,6 237,27,258,133,9
G:\data_stored\reshape_train\000093.jpg 63,144,80,228,2 97,136,113,232,1 130,140,146,228,9 160,136,178,232,6 195,136,210,228,7 228,152,246,240,9
G:\data_stored\reshape_train\000094.jpg 21,92,43,236,7 57,98,78,230,7 96,92,118,236,7 136,109,154,230,8 174,98,193,242,0 224,86,237,196,1
G:\data_stored\reshape_train\000095.jpg 44,138,60,262,8 74,135,93,255,4 109,127,125,247,7 140,120,158,247,7 172,112,191,232,0 214,101,230,228,3
G:\data_stored\reshape_train\000096.jpg 42,150,58,227,7 77,164,91,237,6 106,166,123,240,6 139,168,156,244,7 173,159,189,238,0 206,157,221,224,1
G:\data_stored\reshape_train\000097.jpg 74,133,90,222,9 104,133,119,230,9 132,141,150,235,9 164,135,181,232,0 192,141,209,240,7 224,153,241,251,3
G:\data_stored\reshape_train\000098.jpg 50,87,75,220,0 85,87,109,217,2 122,82,146,212,0 156,95,182,227,9 192,100,216,245,5 230,105,253,235,3
G:\data_stored\reshape_train\000099.jpg 48,78,75,207,0 86,82,110,214,3 125,78,148,203,8 165,96,188,225,6 201,103,224,228,5 238,110,259,232,5
G:\data_stored\reshape_train\000100.jpg 39,77,62,181,0 82,82,102,175,8 120,82,141,186,2 163,118,182,217,4 197,118,219,222,0 240,124,260,212,0
G:\data_stored\reshape_train\000101.jpg 50,28,74,118,0 91,39,112,134,9 133,28,150,121,7 168,42,189,134,9 207,42,227,134,8 248,42,267,131,8
G:\data_stored\reshape_train\000102.jpg 56,24,71,164,1 92,34,114,174,0 132,61,151,196,6 168,66,186,211,5 203,88,222,221,6
G:\data_stored\reshape_train\000103.jpg 37,47,53,169,1 75,47,94,173,0 113,60,132,186,6 148,60,168,191,5 186,65,205,195,6
G:\data_stored\reshape_train\000104.jpg 26,121,49,225,1 65,138,88,215,4 111,107,133,208,0 154,114,174,208,4 197,114,219,202,9
G:\data_stored\reshape_train\000105.jpg 84,118,97,231,1 112,121,127,228,5 141,115,154,219,2 169,106,184,216,8
G:\data_stored\reshape_train\000106.jpg 53,90,72,218,2 90,85,109,214,0 127,94,143,216,2 161,102,178,218,6 194,105,212,227,7
G:\data_stored\reshape_train\000107.jpg 12,78,35,209,2 60,87,79,213,1 107,85,132,209,3 155,73,180,209,5 205,75,230,199,5 257,63,282,191,2
G:\data_stored\reshape_train\000108.jpg 50,79,69,188,2 86,82,105,198,6 120,91,143,200,2 159,94,177,205,0 192,106,214,215,3 230,108,249,222,6
G:\data_stored\reshape_train\000109.jpg 48,132,64,251,2 76,129,96,245,7 112,132,130,245,6 143,118,163,237,5 178,121,197,237,5
G:\data_stored\reshape_train\000110.jpg 41,122,63,216,0 73,158,92,236,8 107,172,123,250,0 140,125,157,225,8 173,130,185,222,1 205,119,221,213,8
G:\data_stored\reshape_train\000111.jpg 27,63,47,176,4 70,64,84,174,1 108,63,129,180,2 150,75,171,201,5 192,76,217,184,2 239,110,262,234,4
G:\data_stored\reshape_train\000112.jpg 44,129,63,237,4 80,133,100,229,9 117,133,136,229,4 152,137,173,229,9 189,129,209,216,4
G:\data_stored\reshape_train\000113.jpg 10,120,36,224,7 55,110,80,210,5 94,100,116,213,7 138,75,165,179,2 178,55,205,165,0 225,44,251,158,5
G:\data_stored\reshape_train\000114.jpg 39,137,58,245,8 77,136,92,252,1 111,150,129,245,8 143,150,166,241,5 182,143,199,246,9 216,139,236,241,8
G:\data_stored\reshape_train\000115.jpg 53,103,67,216,1 89,100,106,210,3 124,101,144,211,0 162,96,180,215,0 199,101,219,214,9 236,146,253,232,8
G:\data_stored\reshape_train\000116.jpg 90,171,103,261,6 115,164,128,256,9 137,164,151,256,2 162,162,174,256,6 187,162,200,254,2 212,153,226,238,6
G:\data_stored\reshape_train\000117.jpg 45,77,63,202,8 79,65,99,197,6 116,60,132,182,6 150,60,169,182,8 189,97,206,200,6 228,88,246,200,0
G:\data_stored\reshape_train\000118.jpg 50,83,64,219,1 83,80,104,206,3 118,80,141,206,9 161,70,180,196,2 197,51,218,187,0
G:\data_stored\reshape_train\000119.jpg 76,39,92,166,3 106,54,123,178,0 139,60,154,195,8 172,73,188,201,2 208,78,220,215,1 240,145,259,257,9
G:\data_stored\reshape_train\000120.jpg 26,83,48,221,7 63,69,82,200,4 99,69,119,204,8 137,63,157,209,6 175,45,193,178,7 218,46,239,186,9
G:\data_stored\reshape_train\000121.jpg 31,86,53,216,8 70,66,94,193,3 114,73,135,203,0 156,66,175,210,5 198,60,217,196,1
G:\data_stored\reshape_train\000122.jpg 40,87,56,200,9 76,82,88,202,1 102,82,118,200,4 136,89,146,215,1 167,94,183,220,0 199,84,218,189,0
G:\data_stored\reshape_train\000123.jpg 80,97,97,195,0 108,97,124,200,0 138,93,151,202,7 164,95,181,193,6 194,114,207,210,8 224,120,239,214,0
G:\data_stored\reshape_train\000124.jpg 35,91,60,255,0 72,91,95,262,7 110,75,137,236,2 154,69,175,230,1 187,69,215,221,6 233,72,258,217,4
G:\data_stored\reshape_train\000125.jpg 61,37,77,200,1 91,50,111,203,6 126,65,145,203,8 158,75,180,212,6 192,71,213,228,5 232,56,252,175,3
G:\data_stored\reshape_train\000126.jpg 76,116,93,211,2 103,105,120,202,3 131,108,147,201,8 161,96,175,206,1 189,98,203,197,9 220,80,235,166,4
G:\data_stored\reshape_train\000127.jpg 58,137,72,226,1 88,137,105,217,3 117,137,134,224,4 147,145,164,229,9 180,137,193,217,3 209,116,225,195,7
G:\data_stored\reshape_train\000128.jpg 59,147,72,240,1 90,141,105,235,2 118,146,134,238,6 148,146,163,248,7 178,141,194,234,4 212,120,229,204,3
G:\data_stored\reshape_train\000129.jpg 58,106,74,211,1 96,104,113,213,6 136,109,156,215,9 178,113,195,219,7 219,104,238,209,3 268,147,285,238,7
G:\data_stored\reshape_train\000130.jpg 66,152,76,240,2 87,143,99,228,3 108,143,120,223,5 129,143,143,228,9 151,139,166,219,9 176,143,190,219,9
G:\data_stored\reshape_train\000131.jpg 73,190,88,262,0 96,180,108,262,0 119,180,132,252,6 142,177,155,248,4 165,173,177,252,8 188,173,202,252,2
G:\data_stored\reshape_train\000132.jpg 0,61,27,193,3 48,69,77,185,3 105,75,130,179,3 155,75,181,190,9 211,72,231,191,1 279,52,292,182,1
G:\data_stored\reshape_train\000133.jpg 48,134,64,229,4 77,137,89,234,1 105,130,121,234,5 133,122,150,228,9 160,153,178,253,4 192,169,209,255,0
G:\data_stored\reshape_train\000134.jpg 72,149,86,224,4 101,149,114,235,8 128,146,142,226,4 156,139,170,236,7 186,138,202,231,8
G:\data_stored\reshape_train\000135.jpg 81,67,94,155,5 104,75,112,163,1 124,70,135,161,5 145,80,159,169,9 168,72,183,167,0 196,70,208,156,4
G:\data_stored\reshape_train\000136.jpg 42,97,60,211,5 72,97,90,208,4 100,99,117,211,7 130,96,145,200,5 158,102,172,211,8 190,97,206,211,8
G:\data_stored\reshape_train\000137.jpg 45,97,60,186,6 78,100,89,189,1 109,97,120,191,1 138,105,153,205,2 168,94,186,192,0 204,107,221,204,0
G:\data_stored\reshape_train\000138.jpg 57,80,71,160,7 83,72,98,165,5 109,70,121,157,8 134,72,145,150,9 158,70,173,150,6 187,60,201,152,7
G:\data_stored\reshape_train\000139.jpg 64,99,78,178,7 92,99,105,182,8 119,96,132,182,3 147,96,161,178,3 176,98,189,176,3 206,129,217,204,1
G:\data_stored\reshape_train\000140.jpg 98,152,109,222,8 117,150,125,216,1 134,141,144,214,5 152,131,163,214,2 170,133,182,216,5 192,158,202,233,6
G:\data_stored\reshape_train\000141.jpg 38,85,56,178,8 76,77,94,166,4 114,73,134,176,6 157,70,172,171,1 195,63,217,171,6 243,101,262,193,7
G:\data_stored\reshape_train\000142.jpg 64,147,79,227,8 97,139,113,223,7 130,133,145,217,9 163,128,180,208,9 195,116,213,189,3
G:\data_stored\reshape_train\000143.jpg 80,116,98,203,9 116,112,132,203,1 153,109,166,193,3 185,109,202,201,8 221,101,239,196,8 266,114,276,209,1
G:\data_stored\reshape_train\000144.jpg 84,140,94,215,9 102,135,113,213,5 121,120,133,198,3 142,110,152,194,4 162,101,171,179,4 185,98,197,183,8
G:\data_stored\reshape_train\000145.jpg 91,138,100,210,1 116,133,126,204,1 141,133,152,206,9 166,131,179,197,4 191,124,206,199,2 221,144,233,213,3
G:\data_stored\reshape_train\000146.jpg 76,127,92,211,2 103,123,117,202,3 129,130,143,208,6 155,123,170,208,9 183,130,198,202,8 212,153,227,225,9
G:\data_stored\reshape_train\000147.jpg 74,168,88,237,2 97,164,110,235,6 120,160,132,226,9 144,153,157,226,9 167,151,180,224,8 193,140,208,211,4
G:\data_stored\reshape_train\000148.jpg 80,107,91,178,3 98,101,112,175,0 119,104,131,178,9 138,97,152,175,0 160,101,172,171,4 185,148,195,208,8
G:\data_stored\reshape_train\000149.jpg 66,165,80,242,3 89,152,104,245,7 113,135,128,222,3 139,122,149,210,1 161,107,176,200,6 189,90,204,185,5
G:\data_stored\reshape_train\000150.jpg 62,148,77,232,4 85,141,104,229,5 112,128,131,219,3 139,117,158,212,2 167,107,184,198,4 197,104,214,205,5
G:\data_stored\reshape_train\000151.jpg 83,124,97,226,4 108,118,123,232,7 130,113,150,237,7 160,107,177,226,9 187,107,204,209,4 219,90,234,203,0
G:\data_stored\reshape_train\000152.jpg 65,150,81,240,5 88,138,104,232,3 115,134,129,228,7 139,130,152,225,9 165,122,180,209,1 192,110,209,209,2
G:\data_stored\reshape_train\000153.jpg 78,141,94,220,5 102,133,115,212,5 125,133,140,212,9 147,120,162,204,3 167,112,185,195,5 196,145,211,216,7
G:\data_stored\reshape_train\000154.jpg 78,100,91,187,5 100,105,113,187,8 123,100,137,182,3 147,97,158,197,2 171,100,182,197,8
G:\data_stored\reshape_train\000155.jpg 67,126,81,227,3 97,123,110,234,4 125,120,139,230,5 153,126,166,236,8 211,129,225,196,9 183,129,196,191,4
G:\data_stored\reshape_train\000156.jpg 66,104,84,200,3 101,106,116,209,7 137,106,151,209,0 172,104,184,204,1 204,106,222,200,9 242,113,258,205,9
G:\data_stored\reshape_train\000157.jpg 85,127,96,208,4 112,124,125,217,5 140,124,153,226,0 169,136,181,227,1 196,138,209,226,3 224,144,239,238,6
G:\data_stored\reshape_train\000158.jpg 43,112,62,206,0 79,115,99,203,6 112,115,132,203,6 148,121,164,200,0 182,121,197,200,1 216,121,235,209,8
G:\data_stored\reshape_train\000159.jpg 64,105,88,189,2 101,111,120,185,8 132,114,150,189,9 167,116,183,190,3 201,129,217,204,6 236,135,251,205,0
G:\data_stored\reshape_train\000160.jpg 84,108,96,185,4 111,108,124,181,2 137,108,150,185,8 164,106,176,186,5 190,104,205,188,6
G:\data_stored\reshape_train\000161.jpg 15,106,40,198,7 65,116,88,208,6 111,114,137,209,0 162,120,181,206,1 211,122,234,211,9 254,137,278,224,4
G:\data_stored\reshape_train\000162.jpg 43,118,60,226,1 75,124,94,226,3 108,118,127,226,4 140,118,160,220,6 172,113,190,226,2 205,118,224,220,5
G:\data_stored\reshape_train\000163.jpg 101,58,113,147,2 126,82,141,154,6 155,91,169,159,6 183,91,198,161,5 211,96,224,168,5 239,105,252,180,9
G:\data_stored\reshape_train\000164.jpg 57,97,73,185,2 87,117,103,188,9 118,120,133,194,1 152,111,167,200,2 181,122,197,205,1 212,111,230,185,5
G:\data_stored\reshape_train\000165.jpg 68,110,82,176,3 96,100,108,173,1 125,106,140,173,9 155,96,168,170,9 184,100,199,163,4 212,80,227,146,3
G:\data_stored\reshape_train\000166.jpg 54,92,70,197,1 91,106,109,208,7 131,128,148,214,9 168,133,186,221,4 207,141,225,226,6 247,122,265,217,8
G:\data_stored\reshape_train\000167.jpg 54,77,76,202,4 94,75,116,204,4 135,78,156,211,2 176,82,198,221,5 219,90,238,214,6 258,117,280,248,5
G:\data_stored\reshape_train\000168.jpg 70,145,84,233,6 96,129,110,229,8 125,145,137,235,1 153,133,167,229,6 181,139,195,231,2 210,111,222,210,1
G:\data_stored\reshape_train\000169.jpg 48,56,68,167,7 78,70,98,177,4 109,70,126,181,7 140,80,154,181,8 167,86,183,191,8 197,126,210,221,6
G:\data_stored\reshape_train\000170.jpg 72,68,87,173,7 103,89,122,200,9 137,99,155,200,2 170,107,186,204,4 200,114,216,212,3
G:\data_stored\reshape_train\000171.jpg 58,129,71,264,8 87,135,99,258,3 112,129,126,247,3 141,111,155,235,2 168,111,184,235,2 198,70,212,200,6
G:\data_stored\reshape_train\000172.jpg 64,131,77,234,9 89,128,101,230,7 112,125,125,224,9 138,118,151,217,5 163,115,176,210,7 191,79,206,201,7
G:\data_stored\reshape_train\000173.jpg 81,136,92,239,0 105,147,119,239,5 132,152,143,245,6 156,130,171,234,2 181,136,194,234,8 204,109,218,218,7
G:\data_stored\reshape_train\000174.jpg 19,68,36,206,2 55,93,72,231,2 86,112,106,250,7 125,106,142,243,1 160,112,180,243,2 196,87,211,218,8
G:\data_stored\reshape_train\000175.jpg 27,115,44,234,0 60,125,78,247,4 97,115,114,230,2 131,154,147,263,3 166,141,184,257,0 201,148,219,263,0
G:\data_stored\reshape_train\000176.jpg 12,128,32,236,0 47,142,67,242,5 85,155,102,242,0 122,152,138,244,3 158,160,177,252,0 197,186,212,250,0
G:\data_stored\reshape_train\000177.jpg 53,205,65,300,0 78,192,93,300,5 107,192,121,300,8 136,188,150,300,2 163,184,179,300,9 193,175,206,300,6
G:\data_stored\reshape_train\000178.jpg 56,106,69,206,0 81,103,93,210,6 106,103,120,210,6 134,106,147,217,3 161,117,175,217,0 186,124,201,220,0
G:\data_stored\reshape_train\000179.jpg 12,100,27,222,0 42,100,60,222,7 76,100,94,222,4 108,100,123,222,2 141,112,159,225,9 174,112,190,225,8
G:\data_stored\reshape_train\000180.jpg 63,138,77,229,0 88,135,103,229,8 115,132,129,226,2 141,129,155,232,2 168,132,184,229,9 195,132,211,232,0
G:\data_stored\reshape_train\000181.jpg 61,128,75,223,0 88,128,101,226,9 114,131,128,229,0 140,134,153,232,2 167,137,181,232,7 194,137,208,235,5
G:\data_stored\reshape_train\000182.jpg 79,128,94,232,0 104,123,117,232,9 129,117,142,229,8 155,123,168,227,2 181,123,193,229,6 206,126,219,229,8
G:\data_stored\reshape_train\000183.jpg 59,122,73,235,0 85,119,100,235,9 113,113,127,232,8 141,116,155,235,2 168,119,183,238,6 197,122,211,241,8
G:\data_stored\reshape_train\000184.jpg 80,137,93,242,0 103,134,117,239,9 130,129,143,239,8 155,129,168,233,2 181,129,193,236,6 206,134,220,244,8
G:\data_stored\reshape_train\000185.jpg 11,140,23,260,1 40,136,58,260,4 73,130,90,260,1 103,146,122,260,4 137,146,154,260,7 171,140,186,263,0
G:\data_stored\reshape_train\000186.jpg 78,108,94,245,1 114,113,129,236,8 147,108,165,231,8 182,98,201,226,5 216,98,236,221,3 255,44,271,152,0
G:\data_stored\reshape_train\000187.jpg 77,153,90,274,2 102,148,116,266,1 130,134,144,260,7 156,132,171,251,9 183,121,199,234,4 212,94,224,209,1
G:\data_stored\reshape_train\000188.jpg 69,89,85,224,2 95,95,109,224,4 120,100,135,224,9 144,95,159,220,7 167,89,183,218,1 197,67,209,171,2
G:\data_stored\reshape_train\000189.jpg 59,77,76,203,3 88,77,103,203,5 116,67,130,193,1 143,82,160,208,6 170,77,187,203,0 197,116,212,217,9
G:\data_stored\reshape_train\000190.jpg 42,79,62,194,4 76,84,95,196,3 113,77,131,196,8 146,82,164,192,3 183,84,201,197,3
G:\data_stored\reshape_train\000191.jpg 57,76,73,179,4 92,82,109,190,9 125,82,143,190,2 158,88,176,193,3 190,96,210,200,6 225,65,245,166,4
G:\data_stored\reshape_train\000192.jpg 70,70,84,195,5 97,73,111,192,5 123,73,138,195,7 152,75,165,195,2 178,78,193,197,2 204,136,220,214,7
G:\data_stored\reshape_train\000193.jpg 16,42,36,195,1 48,64,67,204,5 81,60,101,202,0 115,60,135,197,0 150,64,169,211,1 190,60,207,208,1
G:\data_stored\reshape_train\000194.jpg 19,80,37,209,2 51,77,67,206,2 85,103,101,230,4 117,82,135,217,0 151,82,169,214,2 191,77,208,219,7
G:\data_stored\reshape_train\000195.jpg 43,95,64,221,2 76,106,96,234,5 113,117,131,234,6 142,102,160,232,1 180,132,196,243,2 216,130,235,250,0
G:\data_stored\reshape_train\000196.jpg 67,20,81,133,8 91,41,106,150,4 117,54,130,158,8 142,70,156,187,6 168,91,181,204,3 196,116,208,225,1
G:\data_stored\reshape_train\000197.jpg 33,116,46,198,7 62,125,76,203,6 90,131,104,209,5 119,130,135,209,0 149,131,162,212,0 175,162,189,221,0
G:\data_stored\reshape_train\000198.jpg 65,95,79,182,8 89,100,101,196,9 113,103,127,201,9 139,119,152,212,6 165,81,179,177,5 192,70,207,163,9
G:\data_stored\reshape_train\000199.jpg 48,82,66,210,5 78,85,101,210,5 113,77,133,197,0 145,65,164,197,0 178,65,194,192,0 211,130,225,232,9
G:\data_stored\reshape_train\000200.jpg 54,155,66,300,1 80,150,96,290,0 108,130,121,275,4 135,130,149,260,2 161,112,178,257,3 190,110,206,242,2
G:\data_stored\reshape_train\000201.jpg 74,60,88,193,0 103,53,116,186,8 131,53,144,200,4 159,53,171,186,8 187,53,198,193,1 214,126,227,226,8
G:\data_stored\reshape_train\000202.jpg 47,95,60,196,1 72,103,88,204,0 97,115,109,219,1 121,124,136,225,7 146,132,161,233,0 172,126,186,227,7
G:\data_stored\reshape_train\000203.jpg 75,51,88,181,1 103,69,119,200,1 130,81,147,206,9 157,120,173,232,4 187,102,203,232,8 214,132,228,239,3
G:\data_stored\reshape_train\000204.jpg 39,48,54,145,6 69,57,84,141,8 100,78,113,169,5 128,92,143,177,9 155,107,172,194,5 185,102,202,184,5
G:\data_stored\reshape_train\000205.jpg 43,73,61,177,7 75,83,91,184,5 106,85,124,182,2 138,90,154,187,8 167,100,185,201,2 200,140,216,222,2
G:\data_stored\reshape_train\000206.jpg 28,105,44,206,8 58,97,74,202,2 87,99,103,202,2 117,114,131,214,3 144,114,160,212,5 174,91,190,192,4
G:\data_stored\reshape_train\000207.jpg 51,91,67,176,9 81,110,99,198,7 109,113,127,198,8 140,116,157,205,8 169,132,188,211,8 201,135,218,221,8
G:\data_stored\reshape_train\000208.jpg 26,89,43,171,2 54,84,70,166,0 82,84,100,168,2 112,89,126,168,0 141,93,157,171,8 174,75,183,152,1
G:\data_stored\reshape_train\000209.jpg 20,97,37,186,2 48,106,65,195,5 79,97,95,190,8 109,106,124,200,0 139,120,155,209,5 170,130,187,209,9
G:\data_stored\reshape_train\000210.jpg 58,72,75,168,4 83,65,100,168,0 107,82,125,182,2 135,96,152,206,6 162,120,180,224,4
G:\data_stored\reshape_train\000211.jpg 33,119,56,238,6 74,129,97,238,4 117,129,139,255,7 156,115,178,235,2 198,129,219,245,8 239,167,256,259,5
G:\data_stored\reshape_train\000212.jpg 54,129,69,227,0 81,122,100,231,4 110,110,128,216,0 140,104,158,208,2 168,106,185,212,9
G:\data_stored\reshape_train\000213.jpg 15,150,33,234,0 51,158,73,241,4 90,158,109,243,4 129,153,146,241,8 164,153,184,243,8 203,132,221,229,7
G:\data_stored\reshape_train\000214.jpg 29,108,48,226,0 63,117,82,229,5 97,102,116,226,2 131,116,150,234,5 164,117,179,234,1 196,120,213,224,4
G:\data_stored\reshape_train\000215.jpg 94,127,108,238,0 115,124,128,234,6 136,100,149,212,0 157,87,172,197,2 178,83,192,190,9 200,56,213,159,8
G:\data_stored\reshape_train\000216.jpg 15,59,34,214,0 51,70,69,218,8 86,66,106,214,4 125,59,145,214,4 163,44,182,200,0 201,14,224,170,2
G:\data_stored\reshape_train\000217.jpg 49,104,65,200,3 83,110,100,205,3 116,99,134,206,8 152,77,170,170,3 186,123,204,215,4 220,122,235,212,3
G:\data_stored\reshape_train\000218.jpg 82,87,98,209,4 110,96,123,203,8 136,101,152,209,2 163,161,175,234,7 190,93,203,209,2 215,152,229,234,5
G:\data_stored\reshape_train\000219.jpg 78,75,92,234,4 105,79,120,227,8 133,75,148,231,2 161,179,174,262,7 188,75,206,231,2 216,151,230,255,5
G:\data_stored\reshape_train\000220.jpg 46,128,64,227,4 76,155,95,240,7 110,162,128,242,4 142,166,157,247,3 175,157,191,254,1 207,155,224,243,8
G:\data_stored\reshape_train\000221.jpg 37,95,55,201,5 68,106,85,218,9 100,111,116,231,2 130,125,146,242,4 162,122,178,234,7 197,174,206,253,1 195,92,209,171,0
G:\data_stored\reshape_train\000222.jpg 22,46,39,238,3 57,38,76,235,6 94,30,112,238,2 132,35,148,238,5 168,33,185,230,5 204,23,221,230,5
G:\data_stored\reshape_train\000223.jpg 68,104,84,244,4 94,112,112,240,7 120,120,134,244,3 146,116,161,236,0 174,112,189,232,8
G:\data_stored\reshape_train\000224.jpg 1,93,22,253,0 35,80,53,233,1 72,100,92,240,3 106,80,126,233,0 142,93,160,233,5 177,46,193,186,0
G:\data_stored\reshape_train\000225.jpg 79,66,95,188,0 111,83,124,200,3 137,77,151,205,0 166,83,180,200,0 192,105,209,211,4 222,133,236,244,2
G:\data_stored\reshape_train\000226.jpg 67,89,83,214,0 99,98,115,223,4 128,98,145,223,3 159,98,174,219,4 189,89,205,223,5 218,102,233,223,3
G:\data_stored\reshape_train\000227.jpg 66,100,84,255,0 98,105,112,266,7 129,105,146,266,5 160,111,177,261,4 191,77,207,205,0 219,72,236,211,9
G:\data_stored\reshape_train\000228.jpg 84,71,98,210,0 110,76,123,219,9 137,85,150,232,4 162,98,177,232,4 188,85,203,241,9 214,62,228,201,7
G:\data_stored\reshape_train\000229.jpg 56,105,71,229,3 83,103,99,219,5 110,96,127,209,8 140,101,154,227,3 165,98,181,209,0 193,74,208,188,4
G:\data_stored\reshape_train\000230.jpg 10,103,34,269,1 51,85,80,250,2 96,118,128,278,6 146,106,175,266,5 199,106,226,266,9 254,134,279,281,9
G:\data_stored\reshape_train\000231.jpg 36,129,55,232,2 72,136,92,232,2 111,120,131,223,4 149,120,171,226,2 187,102,210,210,0 230,69,248,165,5
G:\data_stored\reshape_train\000232.jpg 52,118,67,225,5 80,131,94,231,8 107,143,120,252,7 134,140,146,243,7 161,134,176,238,2 189,188,202,284,3
G:\data_stored\reshape_train\000233.jpg 90,104,109,226,1 122,86,137,221,0 151,78,163,204,1 177,86,192,208,9 206,86,221,217,0 233,117,246,226,6
G:\data_stored\reshape_train\000234.jpg 37,101,58,184,8 75,110,99,189,6 115,114,135,195,9 153,114,171,196,0 192,132,209,207,9
G:\data_stored\reshape_train\000235.jpg 44,79,64,194,9 82,89,101,194,0 121,98,140,210,4 162,114,181,220,7 196,102,220,220,9 236,143,256,229,9
G:\data_stored\reshape_train\000236.jpg 26,65,52,188,9 72,72,95,193,1 117,89,142,225,7 160,82,180,205,1 202,96,226,215,8 250,55,270,171,2
G:\data_stored\reshape_train\000237.jpg 19,72,42,266,5 66,75,91,252,9 116,77,139,258,7 165,61,185,244,0 216,69,235,250,3 263,100,285,247,5
G:\data_stored\reshape_train\000238.jpg 22,61,44,272,5 72,68,93,279,9 119,57,142,276,7 166,37,189,269,0 217,37,235,262,3 265,88,285,259,5
G:\data_stored\reshape_train\000239.jpg 18,104,32,193,6 50,99,64,193,1 81,109,96,195,0 114,111,129,200,0 147,114,163,205,0 180,126,195,205,6
G:\data_stored\reshape_train\000240.jpg 18,86,32,228,6 51,94,65,232,3 84,90,99,236,3 117,118,131,244,4 149,122,162,260,4 180,134,194,264,7
G:\data_stored\reshape_train\000241.jpg 9,100,22,253,6 44,80,55,246,4 76,76,88,250,1 109,92,122,253,9 140,100,154,250,5
G:\data_stored\reshape_train\000242.jpg 21,64,40,227,6 67,77,87,227,5 112,81,132,235,0 155,94,177,244,4 200,111,217,257,4 240,85,260,252,6
G:\data_stored\reshape_train\000243.jpg 19,103,37,212,6 63,124,83,218,6 109,127,129,229,7 156,131,176,229,0 202,150,223,239,2 247,144,271,249,0
G:\data_stored\reshape_train\000244.jpg 16,103,35,267,6 53,98,69,262,7 88,112,106,267,9 125,131,139,267,4 158,126,180,267,0 195,70,214,234,6
G:\data_stored\reshape_train\000245.jpg 6,95,31,260,8 43,95,63,270,1 76,100,100,265,3 111,100,131,265,1 150,120,170,275,3 187,110,205,270,0
G:\data_stored\reshape_train\000246.jpg 30,157,46,216,9 60,162,76,215,0 90,164,108,216,8 124,164,139,216,3 156,164,169,216,1 188,168,204,215,4
G:\data_stored\reshape_train\000247.jpg 42,148,57,214,9 73,144,90,212,5 104,141,121,214,6 134,143,151,207,3 167,139,183,205,2 202,130,221,207,5
G:\data_stored\reshape_train\000248.jpg 30,147,46,222,2 60,144,76,222,4 87,147,105,222,2 117,144,136,225,4 150,150,165,219,8 180,130,194,197,6
G:\data_stored\reshape_train\000249.jpg 26,138,41,196,3 59,142,74,198,2 92,138,108,198,8 124,138,139,201,6 155,144,170,206,0 187,152,205,203,7
G:\data_stored\reshape_train\000250.jpg 38,134,53,207,3 69,134,85,209,2 100,134,116,211,6 130,134,145,211,6 161,136,176,216,0 190,152,207,207,7
G:\data_stored\reshape_train\000251.jpg 44,134,60,205,3 76,134,92,205,2 107,131,126,203,6 138,134,155,201,6 171,136,187,203,0 203,148,220,196,7
G:\data_stored\reshape_train\000252.jpg 18,69,36,207,5 62,65,81,211,5 106,57,125,196,3 149,69,169,211,8 193,69,215,215,5
G:\data_stored\reshape_train\000253.jpg 47,87,59,203,6 73,91,86,203,8 99,96,112,208,3 126,101,141,222,5 153,96,168,212,0 183,140,195,246,8
G:\data_stored\reshape_train\000254.jpg 85,117,95,267,7 105,97,111,254,1 121,110,132,260,8 141,104,151,254,7 157,110,171,254,9 181,84,191,241,1
G:\data_stored\reshape_train\000255.jpg 13,86,29,252,7 44,86,60,252,4 73,86,89,276,4 103,94,118,268,9 133,102,147,276,6 166,118,180,276,6
G:\data_stored\reshape_train\000256.jpg 90,7,103,185,6 112,7,126,171,8 135,7,148,192,3 158,21,171,214,5 180,7,194,185,0 205,50,216,242,8
G:\data_stored\reshape_train\000257.jpg 20,7,37,195,6 47,7,66,165,8 77,7,94,195,3 105,22,122,217,5 134,15,153,202,0 167,75,182,247,8
G:\data_stored\reshape_train\000258.jpg 15,36,30,212,7 41,29,57,226,4 69,43,83,234,4 95,51,109,219,9 121,58,136,234,6 148,65,162,241,7
G:\data_stored\reshape_train\000259.jpg 16,8,34,227,6 45,8,63,202,8 75,8,95,227,3 105,24,124,251,5 136,16,155,235,0 168,81,186,283,8
G:\data_stored\reshape_train\000260.jpg 29,27,44,211,6 52,27,71,190,8 80,34,97,211,3 106,47,124,231,5 133,47,149,211,0 160,95,176,259,8
G:\data_stored\reshape_train\000261.jpg 12,14,30,197,6 41,7,60,190,8 72,14,88,204,3 102,29,118,219,5 132,29,148,212,0 163,80,180,256,8
G:\data_stored\reshape_train\000262.jpg 18,19,36,241,7 45,9,67,261,4 77,29,94,280,4 103,38,123,261,9 134,48,152,270,6 164,58,184,270,7
G:\data_stored\reshape_train\000263.jpg 82,90,94,294,1 109,90,119,288,1 132,90,147,288,6 157,62,172,249,0 184,45,196,232,1 209,50,225,249,2
G:\data_stored\reshape_train\000264.jpg 16,69,36,225,0 53,82,73,243,5 86,69,107,225,0 123,84,144,256,3 159,89,180,256,4 196,112,217,279,7
G:\data_stored\reshape_train\000265.jpg 5,56,28,188,6 48,46,71,197,1 97,70,121,202,6 146,72,166,207,1 195,82,217,214,7 249,60,271,198,7
G:\data_stored\reshape_train\000266.jpg 61,123,78,216,3 86,123,100,210,1 111,123,127,219,5 135,132,151,213,3 160,132,176,219,3 185,105,199,195,1
G:\data_stored\reshape_train\000267.jpg 67,122,84,208,5 93,111,108,203,0 118,127,134,228,2 142,132,158,233,4 167,127,184,223,0 193,106,210,198,5
G:\data_stored\reshape_train\000268.jpg 57,117,74,231,5 85,120,101,221,8 111,123,128,234,5 137,120,155,238,6 166,107,185,221,5 195,104,214,225,9
G:\data_stored\reshape_train\000269.jpg 55,62,73,172,7 82,86,98,189,2 107,93,123,189,9 131,96,150,203,3 157,82,175,196,0 184,162,202,251,8
G:\data_stored\reshape_train\000270.jpg 60,85,76,208,8 87,82,102,202,0 112,79,130,197,0 139,82,156,202,9 165,82,181,202,8 192,64,210,194,2
G:\data_stored\reshape_train\000271.jpg 54,105,73,211,0 82,123,97,225,2 106,112,123,236,7 132,116,149,232,0 160,137,179,232,3 187,180,204,264,8
G:\data_stored\reshape_train\000272.jpg 56,101,70,193,1 85,110,100,203,0 112,115,128,205,8 137,121,154,216,7 164,133,181,230,5
G:\data_stored\reshape_train\000273.jpg 56,102,74,222,2 82,93,100,213,4 111,84,128,215,5 138,88,155,220,2 167,75,183,211,1 198,29,212,150,1
G:\data_stored\reshape_train\000274.jpg 58,123,76,229,0 89,139,105,238,2 114,120,135,239,7 142,123,162,223,0 173,137,190,236,3
G:\data_stored\reshape_train\000275.jpg 19,77,38,192,0 53,79,70,200,8 84,85,101,209,4 114,82,131,203,7 146,93,165,209,4
G:\data_stored\reshape_train\000276.jpg 31,29,46,150,1 62,32,79,163,4 91,35,110,166,4 118,39,140,159,6 149,32,166,156,7 181,42,200,166,8
G:\data_stored\reshape_train\000277.jpg 43,91,57,194,1 72,100,87,194,8 99,94,115,199,3 126,96,143,199,5 154,82,171,188,2
G:\data_stored\reshape_train\000278.jpg 55,120,73,214,2 86,120,110,218,2 118,115,142,227,8 152,120,173,231,6 186,124,203,227,1
G:\data_stored\reshape_train\000279.jpg 71,124,85,229,0 94,138,108,246,4 116,141,129,242,9 139,131,152,239,2 160,141,174,235,7 186,124,195,215,1
G:\data_stored\reshape_train\000280.jpg 25,81,38,177,1 54,90,71,186,1 85,81,103,192,2 116,81,132,186,4 145,81,162,186,5 177,66,196,159,4
G:\data_stored\reshape_train\000281.jpg 49,99,62,200,1 78,106,93,200,4 103,104,119,203,3 132,104,146,198,0 158,96,171,186,1 188,133,201,217,2
G:\data_stored\reshape_train\000282.jpg 26,97,39,211,1 58,101,77,211,6 92,97,109,208,3 126,88,140,208,1 157,91,171,202,1 190,107,207,211,3
G:\data_stored\reshape_train\000283.jpg 26,121,40,221,1 56,125,76,232,8 86,125,103,225,5 119,117,131,217,1 148,114,166,221,2
G:\data_stored\reshape_train\000284.jpg 64,106,76,209,1 96,123,105,217,1 122,119,140,226,3 150,135,167,246,6 179,131,197,246,6
G:\data_stored\reshape_train\000285.jpg 50,117,59,218,1 78,125,94,231,6 108,125,124,239,9 138,133,154,250,7 170,130,182,237,1
G:\data_stored\reshape_train\000286.jpg 43,106,51,237,1 68,113,86,252,6 98,124,114,248,9 127,131,143,263,7 157,131,170,263,1
G:\data_stored\reshape_train\000287.jpg 64,76,83,198,2 97,86,111,188,1 126,96,148,203,2 157,96,176,218,1 189,111,208,233,7
G:\data_stored\reshape_train\000288.jpg 51,106,67,224,0 79,126,97,238,9 108,140,123,246,4 135,140,151,255,8 165,151,179,249,7
G:\data_stored\reshape_train\000289.jpg 52,122,66,235,1 84,131,101,250,3 114,125,128,235,1 144,139,163,247,6 175,142,193,253,6 206,145,227,259,8
G:\data_stored\reshape_train\000290.jpg 52,73,64,210,1 82,94,99,234,5 115,110,131,242,4 148,107,160,242,1 179,134,197,263,3
G:\data_stored\reshape_train\000291.jpg 48,104,62,218,1 80,114,96,225,7 110,133,128,244,6 140,123,158,244,8 171,136,191,247,2
G:\data_stored\reshape_train\000292.jpg 53,100,67,215,0 80,103,92,218,1 105,115,120,231,4 130,118,146,231,0 157,128,175,240,4
G:\data_stored\reshape_train\000293.jpg 70,110,85,220,0 98,110,111,226,1 128,126,145,233,4 154,116,171,236,0 185,120,203,236,4
G:\data_stored\reshape_train\000294.jpg 44,88,59,211,1 75,102,93,214,0 107,109,127,228,0 139,119,155,245,8 170,136,187,259,6 203,136,218,252,7
G:\data_stored\reshape_train\000295.jpg 55,104,66,219,1 81,104,92,219,1 106,132,120,237,6 131,122,147,240,3 160,122,172,233,1 186,115,204,212,4
G:\data_stored\reshape_train\000296.jpg 42,91,55,208,1 73,100,91,220,3 106,102,122,226,0 139,105,155,232,1 170,117,188,244,2 203,117,223,247,4
G:\data_stored\reshape_train\000297.jpg 45,109,62,224,0 80,116,96,221,4 112,109,130,231,2 144,118,160,231,7 179,116,193,219,7
G:\data_stored\reshape_train\000298.jpg 59,118,71,218,1 90,125,104,222,1 120,129,137,233,3 150,122,168,225,0 180,122,199,233,9 212,118,231,214,2
G:\data_stored\reshape_train\000299.jpg 59,100,72,230,1 91,116,108,241,4 122,113,140,238,3 152,116,169,250,9 183,144,203,263,6 218,94,235,202,4
G:\data_stored\reshape_train\000300.jpg 38,28,52,234,6 68,41,80,230,9 96,36,109,238,5 124,45,137,242,6 152,45,166,250,4
G:\data_stored\reshape_train\000301.jpg 79,112,98,233,5 112,115,126,225,1 146,115,158,230,1 177,120,194,230,0 210,135,227,258,3
G:\data_stored\reshape_train\000302.jpg 41,63,59,193,2 74,61,92,191,0 108,73,126,205,9 141,73,158,191,0 172,80,191,210,9 206,75,226,191,5
G:\data_stored\reshape_train\000303.jpg 40,55,60,167,2 79,79,97,184,4 114,91,135,205,4 149,101,170,218,6 186,116,203,218,1 226,140,237,238,1
G:\data_stored\reshape_train\000304.jpg 44,68,63,201,2 77,85,96,227,9 111,107,129,240,3 143,115,163,240,6 176,120,197,248,5 211,154,230,274,4
G:\data_stored\reshape_train\000305.jpg 27,57,46,200,0 62,52,80,185,2 96,66,115,204,5 131,76,151,214,6 167,76,187,209,2
G:\data_stored\reshape_train\000306.jpg 42,121,58,210,1 73,114,93,205,0 107,114,122,205,1 138,116,156,200,6 168,109,185,195,7
G:\data_stored\reshape_train\000307.jpg 45,144,61,244,0 80,144,89,247,1 109,150,126,255,3 140,155,156,264,5 171,150,188,258,0 205,188,221,288,3
G:\data_stored\reshape_train\000308.jpg 50,133,70,255,0 86,124,108,243,3 121,118,145,243,6 158,118,183,231,4 195,103,221,225,0 237,83,256,204,4
G:\data_stored\reshape_train\000309.jpg 21,141,42,283,5 63,133,81,262,1 104,139,125,275,9 145,139,166,281,8 186,141,206,281,6 228,125,248,227,0
G:\data_stored\reshape_train\000310.jpg 0,110,19,253,5 36,90,59,250,2 78,83,101,233,2 121,86,141,240,7 165,73,187,230,2
G:\data_stored\reshape_train\000311.jpg 37,105,60,235,5 69,89,90,218,2 103,89,121,218,6 138,81,157,210,4 166,72,193,218,2
G:\data_stored\reshape_train\000312.jpg 37,110,56,246,5 75,96,93,226,2 110,84,131,223,9 148,84,169,217,9 186,67,208,198,2 228,22,248,124,4
G:\data_stored\reshape_train\000313.jpg 58,81,79,221,5 98,75,117,227,4 136,90,158,244,3 176,90,197,238,0 217,96,238,247,9 256,75,277,212,2
G:\data_stored\reshape_train\000314.jpg 56,110,71,220,5 85,96,99,209,4 112,84,127,203,7 140,82,157,203,9 170,79,186,200,6 200,45,214,141,8
G:\data_stored\reshape_train\000315.jpg 37,85,49,172,1 73,98,90,179,9 110,104,127,183,8 150,104,168,198,4 188,109,208,208,9 229,116,250,206,4
G:\data_stored\reshape_train\000316.jpg 58,70,74,191,1 90,68,109,189,0 124,68,141,187,6 155,60,174,187,9 188,64,207,187,5 226,24,242,142,2
G:\data_stored\reshape_train\000317.jpg 67,116,83,220,0 97,132,114,236,3 127,128,144,236,0 159,140,175,252,4 191,140,207,256,6 225,156,242,260,7
G:\data_stored\reshape_train\000318.jpg 67,155,85,254,0 102,153,120,254,0 133,155,152,257,6 163,164,180,259,3 191,153,209,248,9 222,128,236,200,4
G:\data_stored\reshape_train\000319.jpg 71,72,86,160,0 98,72,111,170,1 127,77,142,170,4 155,82,170,175,2 184,72,199,170,0 213,113,229,217,9
G:\data_stored\reshape_train\000320.jpg 90,112,103,198,0 113,112,124,198,1 135,117,148,203,5 159,123,171,208,6 179,123,195,203,5 206,107,219,198,3
G:\data_stored\reshape_train\000321.jpg 67,107,80,239,1 102,93,115,234,1 136,84,153,225,4 170,84,188,225,4 206,89,222,229,6 243,93,261,215,0
G:\data_stored\reshape_train\000322.jpg 75,119,90,242,1 110,104,128,233,2 141,90,163,228,3 178,85,197,223,5 213,90,230,228,7 255,90,266,233,1
G:\data_stored\reshape_train\000323.jpg 78,121,98,259,0 115,132,134,265,5 152,138,173,271,6 188,144,211,271,5 228,155,247,288,4 267,121,286,248,7
G:\data_stored\reshape_train\000324.jpg 32,161,49,274,0 68,145,88,257,5 105,142,124,257,8 141,161,159,267,8 175,142,195,262,0 210,103,229,225,7
G:\data_stored\reshape_train\000325.jpg 25,113,43,249,0 57,118,76,254,7 92,94,108,232,1 127,91,145,241,4 162,70,179,205,2 200,24,211,130,1
G:\data_stored\reshape_train\000326.jpg 2,79,21,225,0 41,82,60,228,6 81,79,99,230,8 117,82,138,233,6 160,23,176,153,8 198,23,215,151,9
G:\data_stored\reshape_train\000327.jpg 58,134,73,231,0 87,131,102,220,3 113,120,130,227,5 143,113,159,217,0 171,117,189,213,7 204,62,218,141,3
G:\data_stored\reshape_train\000328.jpg 14,205,28,293,2 42,195,60,300,9 75,179,92,290,3 108,163,128,280,9 146,130,164,257,2 185,110,203,228,0
G:\data_stored\reshape_train\000329.jpg 9,44,35,177,2 60,44,84,196,3 106,59,129,201,1 159,78,181,231,7 211,83,233,255,7
G:\data_stored\reshape_train\000330.jpg 32,148,47,243,0 66,146,83,243,8 103,136,118,239,8 136,151,153,258,5 173,151,190,258,6 210,156,229,268,4
G:\data_stored\reshape_train\000331.jpg 19,23,37,137,0 56,44,73,165,3 92,70,109,198,3 125,87,142,205,6 161,106,178,224,3 193,132,213,245,7
G:\data_stored\reshape_train\000332.jpg 52,31,68,157,0 82,50,97,183,4 113,64,129,200,7 143,66,160,206,3 172,70,192,206,9 207,79,224,212,3
G:\data_stored\reshape_train\000333.jpg 68,110,79,213,7 92,106,105,209,6 118,102,128,201,1 141,106,155,213,8 167,106,179,213,8
G:\data_stored\reshape_train\000334.jpg 56,206,72,279,0 84,186,98,268,8 111,175,125,258,2 138,165,152,253,6 164,150,181,232,0 194,124,206,201,1
G:\data_stored\reshape_train\000335.jpg 62,96,81,242,0 101,100,120,246,9 142,90,161,254,7 181,100,201,254,2 221,96,240,242,0 265,30,283,164,2
G:\data_stored\reshape_train\000336.jpg 91,6,115,208,3 132,13,155,234,7 173,19,196,241,9 212,19,236,221,5 255,52,268,234,1
G:\data_stored\reshape_train\000337.jpg 62,70,77,190,5 91,54,106,180,8 120,65,134,190,0 149,65,165,196,0 179,76,192,196,8 209,92,221,212,1
G:\data_stored\reshape_train\000338.jpg 64,100,83,256,2 98,91,118,269,0 132,73,152,247,6 165,82,185,252,2 200,82,220,256,6
G:\data_stored\reshape_train\000339.jpg 16,133,33,246,0 51,126,67,230,8 86,123,103,230,8 121,126,138,236,3 155,113,173,226,9 190,103,209,213,2
G:\data_stored\reshape_train\000340.jpg 68,57,84,153,0 96,63,109,159,4 118,63,134,178,2 143,70,157,178,7 167,76,182,185,6 192,82,206,172,5
G:\data_stored\reshape_train\000341.jpg 62,50,75,253,0 91,69,105,265,9 120,57,136,276,3 150,61,166,280,7 181,50,197,257,7 213,19,228,234,0
G:\data_stored\reshape_train\000342.jpg 52,86,69,246,0 84,86,101,253,3 112,66,129,226,1 143,86,160,226,0 174,66,185,213,1
G:\data_stored\reshape_train\000343.jpg 9,51,31,235,0 47,58,68,241,3 85,67,107,248,1 126,80,147,258,0 173,96,190,267,1 200,129,216,293,3
G:\data_stored\reshape_train\000344.jpg 51,65,68,237,0 84,84,100,245,4 113,91,131,259,5 144,106,162,259,6 174,102,192,241,0 206,146,221,285,1
G:\data_stored\reshape_train\000345.jpg 58,118,69,211,1 87,123,102,222,0 116,148,132,244,6 146,143,162,244,0 178,143,192,233,9 211,148,224,244,6
G:\data_stored\reshape_train\000346.jpg 58,111,69,203,1 88,111,99,205,1 121,121,134,209,4 148,121,165,221,6 178,119,194,211,3 210,137,226,233,5
G:\data_stored\reshape_train\000347.jpg 22,118,39,231,0 55,103,73,231,3 89,98,108,216,9 122,83,143,201,2 157,73,177,186,9 193,83,209,191,1
G:\data_stored\reshape_train\000348.jpg 67,85,81,166,0 95,96,109,181,7 125,88,140,177,2 153,107,169,192,9 185,133,200,225,4 218,114,234,192,4
G:\data_stored\reshape_train\000349.jpg 68,94,85,189,0 94,100,110,200,7 119,131,136,226,9 146,131,164,231,2 177,147,192,247,4 206,115,221,210,3
G:\data_stored\reshape_train\000350.jpg 38,116,56,224,0 69,120,87,244,7 102,152,120,264,9 137,140,155,264,2 172,160,189,276,4 209,116,226,224,3
G:\data_stored\reshape_train\000351.jpg 75,139,87,257,4 94,139,106,254,4 113,121,127,239,8 132,121,145,242,9 154,118,164,230,5 174,130,184,227,6
G:\data_stored\reshape_train\000352.jpg 59,98,71,205,5 83,105,98,210,9 111,123,124,232,4 139,125,148,228,1 163,132,174,239,2 189,109,201,217,4
G:\data_stored\reshape_train\000353.jpg 59,118,72,209,8 84,110,96,202,7 108,101,121,186,0 132,99,147,193,3 157,85,171,179,8 182,49,195,131,6 184,143,197,204,7
G:\data_stored\reshape_train\000354.jpg 56,105,69,231,1 89,121,103,244,2 118,131,130,257,1 148,139,163,263,4 177,139,193,263,2 205,171,221,281,8
G:\data_stored\reshape_train\000355.jpg 73,161,87,255,1 107,155,120,252,1 137,150,157,258,5 171,147,188,255,0 206,152,222,252,3
G:\data_stored\reshape_train\000356.jpg 28,79,51,191,0 72,91,92,211,7 114,113,134,229,9 155,123,173,229,2 190,137,209,239,8 227,160,244,258,2
G:\data_stored\reshape_train\000357.jpg 55,93,64,217,1 75,96,88,209,4 98,99,112,212,4 120,96,134,203,4 144,87,154,200,7 168,121,179,226,4
G:\data_stored\reshape_train\000358.jpg 71,76,84,169,8 98,83,112,196,3 125,83,139,195,6 151,87,166,200,3 178,83,192,192,4 205,90,219,204,4
G:\data_stored\reshape_train\000359.jpg 65,40,79,164,6 90,48,104,172,4 115,40,129,164,6 139,40,153,148,1
G:\data_stored\reshape_train\000360.jpg 62,51,73,182,6 83,54,100,186,7 112,62,124,190,3 137,69,149,186,7 163,69,177,219,2 186,73,201,226,0
G:\data_stored\reshape_train\000361.jpg 50,52,67,192,7 81,60,97,211,4 111,60,126,206,4 137,60,151,206,1 168,63,183,211,5 195,145,209,247,1
G:\data_stored\reshape_train\000362.jpg 67,25,82,156,7 93,18,109,166,9 120,9,134,170,1 148,23,159,161,1 173,16,188,168,6 200,13,213,156,8
G:\data_stored\reshape_train\000363.jpg 76,51,89,179,8 104,44,115,151,7 127,48,141,165,9 153,55,164,162,1 178,62,191,165,8 205,113,218,220,2
G:\data_stored\reshape_train\000364.jpg 67,61,82,174,9 94,56,105,174,1 119,53,135,176,8 144,58,158,187,1 171,74,185,197,5 197,146,209,241,7
G:\data_stored\reshape_train\000365.jpg 53,74,68,183,9 78,86,92,195,5 103,86,115,186,5 126,88,139,195,6 150,90,162,183,3 175,58,188,155,3
G:\data_stored\reshape_train\000366.jpg 12,56,28,186,9 48,51,65,194,8 85,81,101,216,4 119,83,131,216,1 156,89,167,213,1 190,145,201,251,1
G:\data_stored\reshape_train\000367.jpg 66,66,78,171,0 91,77,105,176,3 118,75,130,168,8 142,83,154,184,5 168,64,180,168,8 192,112,206,222,4
G:\data_stored\reshape_train\000368.jpg 31,71,48,192,0 73,68,92,200,9 116,81,136,210,6 157,86,180,221,4 202,81,220,202,0 245,63,260,178,1
G:\data_stored\reshape_train\000369.jpg 5,38,21,251,1 53,33,77,270,6 105,24,127,261,6 155,14,177,256,8 208,62,231,300,8 258,58,282,285,0
G:\data_stored\reshape_train\000370.jpg 60,102,73,231,0 86,106,99,227,3 110,102,126,222,6 138,102,151,210,4 164,102,179,206,3
G:\data_stored\reshape_train\000371.jpg 74,108,88,239,0 105,110,121,242,5 138,107,152,241,4 168,112,184,253,3 200,119,217,248,2 233,139,250,267,3
G:\data_stored\reshape_train\000372.jpg 62,115,77,243,0 91,117,107,242,7 122,117,139,250,2 153,110,170,248,7 184,110,202,256,0
G:\data_stored\reshape_train\000373.jpg 39,93,50,195,1 72,93,84,196,1 104,100,120,206,2 137,103,154,209,3
G:\data_stored\reshape_train\000374.jpg 65,100,75,219,1 94,100,111,221,3 128,98,138,212,1 158,89,174,216,0 195,98,205,210,1
G:\data_stored\reshape_train\000375.jpg 39,75,53,212,1 82,73,101,212,4 121,75,140,218,8 164,77,183,212,3 206,83,221,216,1 248,89,268,228,8
G:\data_stored\reshape_train\000376.jpg 30,114,40,237,1 60,111,73,223,7 90,109,104,229,0 122,111,135,229,7 152,114,166,234,7 185,130,201,256,2
G:\data_stored\reshape_train\000377.jpg 60,108,70,210,1 84,108,100,220,9 114,108,128,224,3 140,115,155,220,3 168,118,183,234,6
G:\data_stored\reshape_train\000378.jpg 18,58,39,222,2 63,60,79,232,1 104,70,125,234,7 149,67,166,236,1 195,89,213,250,1 244,39,263,159,2 244,166,266,283,3
G:\data_stored\reshape_train\000379.jpg 25,82,45,190,2 69,86,91,198,3 110,97,129,211,5 153,99,172,211,8 194,117,214,225,3 237,124,257,237,7
G:\data_stored\reshape_train\000380.jpg 57,125,70,238,7 82,110,92,233,1 105,116,117,235,9 129,119,145,256,9 155,136,170,253,4 181,110,193,227,4
G:\data_stored\reshape_train\000381.jpg 68,101,81,229,0 92,107,106,220,2 117,100,131,220,4 142,87,156,209,4 166,80,181,203,6 194,85,205,200,1
G:\data_stored\reshape_train\000382.jpg 34,94,45,232,0 59,94,72,234,2 85,91,100,239,4 112,94,128,229,4 140,87,155,229,6 171,91,184,234,1
G:\data_stored\reshape_train\000383.jpg 44,59,58,176,0 75,65,88,176,4 102,65,119,184,2 132,63,149,182,7 165,67,179,184,4 199,39,212,133,2
G:\data_stored\reshape_train\000384.jpg 46,106,61,208,0 74,106,88,203,9 103,94,116,201,1 131,89,147,193,7 193,42,209,128,9
G:\data_stored\reshape_train\000385.jpg 55,98,66,206,1 85,108,100,218,2 118,106,129,218,1 147,113,157,218,1 176,118,190,226,3
G:\data_stored\reshape_train\000386.jpg 68,109,81,210,1 96,115,111,219,4 122,106,139,213,5 151,103,167,207,9 179,98,196,204,7 209,115,225,213,6
G:\data_stored\reshape_train\000387.jpg 46,92,58,199,1 77,98,91,214,7 106,105,122,227,2 137,113,153,227,3 169,107,183,216,0 202,85,215,177,8
G:\data_stored\reshape_train\000388.jpg 57,64,73,178,9 85,59,99,189,9 113,43,126,170,0 141,43,153,162,9 167,51,182,178,4 196,40,212,164,4
G:\data_stored\reshape_train\000389.jpg 72,48,87,155,0 102,65,115,174,3 129,63,141,181,6 155,68,171,182,9 185,78,199,191,8 212,92,227,201,2
G:\data_stored\reshape_train\000390.jpg 77,110,87,226,1 100,103,114,224,0 126,105,139,236,9 153,126,164,247,1 175,126,192,242,8 201,121,216,244,9
G:\data_stored\reshape_train\000391.jpg 22,82,45,221,3 71,63,96,215,9 119,31,137,206,1 167,45,188,192,3 213,7,235,162,3 257,6,280,129,9
G:\data_stored\reshape_train\000392.jpg 71,53,87,176,4 106,65,122,168,4 138,68,155,184,6 169,85,189,202,3 206,90,223,201,2 243,108,260,215,2
G:\data_stored\reshape_train\000393.jpg 17,79,41,247,4 64,80,91,247,7 113,82,137,238,2 159,79,181,229,8 206,83,226,240,9
G:\data_stored\reshape_train\000394.jpg 38,77,55,232,5 76,86,93,239,2 111,92,128,237,3 149,92,164,241,3 184,96,201,255,6
G:\data_stored\reshape_train\000395.jpg 52,96,68,244,7 81,87,94,244,7 109,78,122,239,8 133,78,149,239,1 163,92,177,263,4 189,59,207,226,0
G:\data_stored\reshape_train\000396.jpg 55,94,68,231,7 80,90,94,221,0 103,100,120,231,6 131,109,145,217,7 156,107,169,219,4 178,74,195,201,3
G:\data_stored\reshape_train\000397.jpg 61,74,77,191,6 92,72,109,187,0 120,87,139,214,8 152,76,169,202,9 183,82,202,208,1 219,112,234,238,1
G:\data_stored\reshape_train\000398.jpg 62,71,76,196,7 88,73,103,202,8 113,69,128,186,2 138,73,153,190,8 164,69,180,188,9
G:\data_stored\reshape_train\000399.jpg 112,51,129,158,3 146,59,162,168,9 182,69,198,184,4 216,83,233,200,9 253,93,273,216,0
G:\data_stored\reshape_train\000400.jpg 55,81,68,194,4 79,83,95,199,9 105,86,122,206,6 133,95,148,216,7 160,98,177,218,9
G:\data_stored\reshape_train\000401.jpg 38,27,59,138,8 77,47,97,161,2 114,75,136,189,4 155,98,176,217,3
G:\data_stored\reshape_train\000402.jpg 71,36,86,156,2 96,40,111,152,0 123,44,137,160,3 149,48,164,164,0 175,52,190,176,9 202,96,219,200,9
G:\data_stored\reshape_train\000403.jpg 50,113,64,259,1 78,129,93,275,9 105,129,118,259,0 130,121,146,267,9 160,121,172,267,8 187,89,201,218,2
G:\data_stored\reshape_train\000404.jpg 66,114,89,236,6 101,121,121,239,2 134,108,154,229,0 171,105,184,220,1 200,121,222,229,7
G:\data_stored\reshape_train\000405.jpg 83,99,96,181,3 111,99,126,188,1 140,89,156,177,7 171,89,185,177,7 231,77,242,147,9 201,81,215,146,3
G:\data_stored\reshape_train\000406.jpg 68,146,79,272,1 96,127,114,255,3 128,127,142,248,1 157,130,174,244,3 188,116,205,237,0 218,55,235,162,2
G:\data_stored\reshape_train\000407.jpg 70,104,79,225,1 98,104,118,220,5 130,116,149,225,7 163,120,181,229,9 196,128,213,229,7 230,120,246,220,2
G:\data_stored\reshape_train\000408.jpg 67,153,82,279,1 97,147,112,270,6 126,150,142,264,4 154,141,171,258,6 185,147,202,258,4 219,90,228,195,1
G:\data_stored\reshape_train\000409.jpg 59,140,75,246,2 90,125,103,244,1 119,133,135,246,2 151,130,160,239,1 182,94,194,200,1 209,94,221,200,9
G:\data_stored\reshape_train\000410.jpg 26,134,43,239,2 59,123,76,239,3 95,127,113,235,0 130,111,146,230,1 168,114,183,230,1 201,114,223,223,0
G:\data_stored\reshape_train\000411.jpg 32,128,50,257,2 63,123,79,251,2 95,117,110,241,1 128,117,146,251,2 161,155,179,257,6 194,117,210,235,7
G:\data_stored\reshape_train\000412.jpg 43,98,65,211,0 75,103,94,216,9 110,98,126,221,7 141,103,159,216,1 177,108,196,211,0 212,122,231,245,2
G:\data_stored\reshape_train\000413.jpg 16,67,39,240,0 67,60,83,236,1 111,75,136,251,0 160,71,186,243,0 211,71,237,255,8 265,56,292,243,5
G:\data_stored\reshape_train\000414.jpg 70,103,82,267,4 92,96,108,264,0 118,100,134,257,8 143,100,157,257,1 170,78,183,235,2 195,78,208,239,9
G:\data_stored\reshape_train\000415.jpg 27,51,44,150,4 63,64,75,167,1 99,94,115,201,9 132,107,151,214,3 170,115,185,222,1 203,124,221,244,5
G:\data_stored\reshape_train\000416.jpg 22,23,39,145,2 51,39,67,174,6 81,52,96,187,2 109,72,126,197,9 138,98,154,224,9 166,105,184,217,4
G:\data_stored\reshape_train\000417.jpg 17,19,38,195,3 66,9,79,214,1 106,28,131,228,5 152,19,173,214,3 193,38,215,228,2 239,100,260,271,3
G:\data_stored\reshape_train\000418.jpg 17,61,34,171,4 51,64,69,174,8 78,84,94,183,9 109,99,124,203,7 136,107,153,212,2 169,133,185,227,5
G:\data_stored\reshape_train\000419.jpg 8,43,23,154,5 38,67,54,167,6 67,70,84,178,7 102,78,116,181,8 131,86,145,200,9
G:\data_stored\reshape_train\000420.jpg 27,51,46,188,6 70,48,93,188,0 116,59,134,200,4 158,59,176,192,9 199,74,217,207,8 246,96,267,222,5
G:\data_stored\reshape_train\000421.jpg 17,34,41,186,6 62,44,83,192,5 106,66,127,214,4 151,53,175,208,2 193,69,215,217,9
G:\data_stored\reshape_train\000422.jpg 16,70,32,185,6 48,73,66,191,9 80,73,96,200,2 112,70,128,185,3 144,91,160,200,5
G:\data_stored\reshape_train\000423.jpg 27,126,45,238,3 58,148,76,252,3 92,138,109,238,5 121,123,136,233,1 152,138,172,238,6 185,138,202,235,1
G:\data_stored\reshape_train\000424.jpg 12,81,33,184,3 51,91,74,196,7 96,83,118,186,3 134,84,156,192,9 177,89,196,195,5 219,92,241,200,7
G:\data_stored\reshape_train\000425.jpg 59,131,74,214,6 82,134,96,214,9 107,131,120,220,3 130,134,145,211,5 153,134,170,208,7 180,120,195,202,5
G:\data_stored\reshape_train\000426.jpg 19,111,39,196,1 53,125,76,205,4 85,111,110,195,2 124,118,146,201,8 160,125,184,210,8 200,121,224,211,0
G:\data_stored\reshape_train\000427.jpg 38,81,62,182,1 75,97,102,198,4 115,81,140,188,2 154,89,180,198,8 197,99,222,214,8 244,97,267,204,0
G:\data_stored\reshape_train\000428.jpg 55,97,70,186,2 85,85,102,184,4 114,87,129,188,3 143,83,157,184,8 170,83,185,182,1 203,89,217,188,8
G:\data_stored\reshape_train\000429.jpg 85,101,98,202,5 108,93,123,187,2 130,89,145,183,3 154,81,170,167,0 180,70,196,159,8 205,54,223,140,0
G:\data_stored\reshape_train\000430.jpg 56,92,73,180,5 80,92,96,180,2 107,92,121,185,3 135,92,150,185,0 163,97,178,189,8 194,92,210,180,0
G:\data_stored\reshape_train\000431.jpg 79,88,90,172,1 103,80,114,166,1 128,88,144,177,4 153,83,166,177,6 177,83,190,161,1
G:\data_stored\reshape_train\000432.jpg 41,81,56,154,1 67,83,80,166,5 89,86,104,163,0 114,86,128,176,7 137,89,149,167,8
G:\data_stored\reshape_train\000433.jpg 59,75,70,152,1 86,75,99,162,6 113,75,125,165,9 138,79,151,165,1 165,83,180,177,2 188,94,204,195,1
G:\data_stored\reshape_train\000434.jpg 48,75,66,167,2 79,80,95,192,3 107,77,123,197,4 134,82,148,195,2 161,85,178,195,8 190,132,204,227,5
G:\data_stored\reshape_train\000435.jpg 53,47,72,151,2 81,50,98,171,6 109,58,125,171,9 135,61,153,185,5 165,67,182,187,4
G:\data_stored\reshape_train\000436.jpg 48,66,66,155,4 79,66,95,171,4 108,70,127,171,9 139,70,156,171,7 168,77,188,171,2
G:\data_stored\reshape_train\000437.jpg 55,65,71,190,8 85,55,100,180,9 114,67,128,185,7 198,52,215,167,6 142,52,157,137,5 170,50,187,127,5 143,135,158,195,6 169,127,186,192,6
G:\data_stored\reshape_train\000438.jpg 58,99,72,219,9 81,93,96,213,9 106,102,120,210,7 130,99,145,222,0 153,99,169,216,7 182,99,195,222,1
G:\data_stored\reshape_train\000439.jpg 54,86,71,203,0 82,88,96,195,4 108,86,124,200,7 137,86,149,198,1 164,86,182,193,4 192,111,205,205,1
G:\data_stored\reshape_train\000440.jpg 65,85,80,229,0 89,77,103,229,6 115,92,127,233,4 140,103,153,240,3 164,100,177,255,6 190,88,203,207,3
G:\data_stored\reshape_train\000441.jpg 56,71,68,178,1 79,78,93,178,2 103,71,118,192,5 126,71,142,192,2 150,71,165,192,7 176,57,189,150,1
G:\data_stored\reshape_train\000442.jpg 17,100,31,240,1 48,90,67,225,7 81,85,97,225,6 111,80,127,215,0 144,75,163,205,2 177,90,193,215,6
G:\data_stored\reshape_train\000443.jpg 60,111,74,198,1 85,114,104,205,3 117,107,135,202,4 147,111,162,202,9 177,117,190,192,2 207,91,220,165,8
G:\data_stored\reshape_train\000444.jpg 73,96,86,226,1 100,101,115,237,3 128,113,146,237,7 158,107,173,226,8 186,101,202,226,5 215,130,229,243,6
G:\data_stored\reshape_train\000445.jpg 83,98,94,225,1 105,107,118,234,4 127,103,140,225,0 148,98,160,215,1 171,107,183,225,7 196,84,206,192,5
G:\data_stored\reshape_train\000446.jpg 70,75,87,179,1 99,91,115,185,4 131,81,145,176,1 159,88,174,185,9 189,101,204,198,7 217,143,236,221,8
G:\data_stored\reshape_train\000447.jpg 59,58,68,175,1 82,68,100,196,4 110,75,125,213,5 137,86,153,210,3 166,82,180,210,8 194,72,208,193,5
G:\data_stored\reshape_train\000448.jpg 67,86,82,186,1 96,104,114,209,4 125,90,142,200,8 152,104,173,209,7 185,109,202,204,4 216,86,230,195,2
G:\data_stored\reshape_train\000449.jpg 31,63,45,196,1 60,78,79,218,5 90,63,110,184,0 123,72,143,200,9 156,93,173,218,8 191,81,209,218,0
G:\data_stored\reshape_train\000450.jpg 28,32,43,251,1 63,32,80,267,5 95,16,115,210,0 132,24,148,251,9 164,56,184,251,8 202,24,219,235,0
G:\data_stored\reshape_train\000451.jpg 57,72,75,201,1 85,81,101,214,5 113,77,129,214,5 142,77,158,214,3 170,81,188,214,6 200,77,216,218,5
G:\data_stored\reshape_train\000452.jpg 75,95,92,217,1 105,104,122,217,5 136,104,152,226,7 164,104,181,234,3 194,104,212,226,0 226,100,241,200,4
G:\data_stored\reshape_train\000453.jpg 43,130,64,241,5 78,123,100,227,7 120,130,139,238,9 161,110,178,208,5 199,116,217,216,6 238,150,256,242,6
G:\data_stored\reshape_train\000454.jpg 15,112,41,300,2 58,114,86,288,3 109,100,135,280,2 155,131,179,300,5 204,117,229,288,3
G:\data_stored\reshape_train\000455.jpg 89,150,113,241,8 126,172,149,251,8 163,189,183,265,5 198,201,217,282,0 231,193,247,259,5
G:\data_stored\reshape_train\000456.jpg 21,127,43,210,0 55,151,75,214,7 92,168,111,229,6 126,172,146,231,0 160,186,178,238,6 198,181,218,244,7
G:\data_stored\reshape_train\000457.jpg 19,122,37,226,0 53,126,71,223,9 85,126,102,228,4 119,136,137,236,4 145,102,166,209,2 187,106,205,199,1
G:\data_stored\reshape_train\000458.jpg 59,97,72,233,1 83,68,97,202,0 112,60,128,184,2 141,91,157,206,6 169,136,184,258,3 200,107,212,229,1
G:\data_stored\reshape_train\000459.jpg 56,120,76,237,1 88,122,107,232,0 117,145,136,239,4 152,128,170,235,1 181,137,196,239,8 221,118,234,216,1
G:\data_stored\reshape_train\000460.jpg 48,43,67,144,0 84,41,103,150,2 117,55,138,171,7 157,61,177,161,2 196,73,216,179,7 233,110,252,209,8
G:\data_stored\reshape_train\000461.jpg 36,73,58,170,0 68,62,87,167,3 100,69,120,170,3 136,69,159,167,2 173,66,196,174,5 208,62,229,160,2
G:\data_stored\reshape_train\000462.jpg 50,79,71,204,0 87,87,109,208,4 124,75,145,200,0 158,75,183,191,3 198,70,222,200,9 237,70,261,200,9
G:\data_stored\reshape_train\000463.jpg 65,87,80,212,1 96,108,112,208,9 131,112,145,216,1 161,95,177,216,1 192,104,208,216,6 227,100,242,204,3
G:\data_stored\reshape_train\000464.jpg 47,114,66,221,0 77,110,97,217,0 109,118,129,236,5 142,138,159,244,7 173,138,190,252,5 203,161,222,260,2
G:\data_stored\reshape_train\000465.jpg 20,85,35,226,1 55,98,77,241,4 91,107,110,248,7 129,98,148,246,0 164,114,183,252,9 197,163,216,259,6
G:\data_stored\reshape_train\000466.jpg 36,91,57,201,3 69,94,93,189,6 108,98,124,189,4 138,83,158,189,5 172,72,194,193,2 210,117,227,205,7
G:\data_stored\reshape_train\000467.jpg 71,100,86,204,2 95,118,109,216,1 121,124,138,207,9 147,115,163,204,1 174,121,185,216,7 196,135,211,230,9
G:\data_stored\reshape_train\000468.jpg 103,111,114,193,0 117,123,127,187,4 133,123,141,187,9 146,119,157,185,7 163,117,172,188,2
G:\data_stored\reshape_train\000469.jpg 83,93,96,186,0 102,95,113,183,5 122,90,132,187,1 141,95,151,178,0 159,90,171,178,0 182,66,188,133,1 181,143,189,190,2
G:\data_stored\reshape_train\000470.jpg 68,63,80,157,0 94,61,105,155,2 118,66,130,162,7 142,68,154,160,3 167,76,179,160,9 192,61,202,142,4
G:\data_stored\reshape_train\000471.jpg 70,96,84,181,0 92,98,104,184,2 115,108,127,196,8 134,108,148,194,6 157,109,170,194,7 178,74,192,158,3
G:\data_stored\reshape_train\000472.jpg 44,72,59,196,0 69,65,85,189,3 102,65,114,196,1 128,86,142,206,8 157,65,170,189,1 187,100,200,217,2
G:\data_stored\reshape_train\000473.jpg 57,118,72,251,1 87,107,104,240,4 114,103,132,240,6 145,85,164,218,8 177,81,194,222,8 212,22,225,159,7
G:\data_stored\reshape_train\000474.jpg 48,70,63,148,0 75,74,87,148,2 103,77,118,155,5 130,77,145,158,6 160,84,176,158,4 190,63,208,158,4
G:\data_stored\reshape_train\000475.jpg 75,120,91,225,0 102,120,117,215,2 126,107,142,211,5 153,101,166,198,3 180,107,192,195,1
G:\data_stored\reshape_train\000476.jpg 45,60,63,150,0 77,55,95,147,6 112,60,127,150,3 145,58,159,147,1 177,60,195,147,8 214,70,228,169,1
G:\data_stored\reshape_train\000477.jpg 37,53,52,168,0 68,68,83,168,6 95,71,115,178,5 125,71,142,178,7 154,71,173,178,5 188,125,202,212,8
G:\data_stored\reshape_train\000478.jpg 44,114,60,208,0 72,117,87,208,6 96,116,109,208,7 121,111,136,210,8 148,123,161,208,9 175,85,189,165,8
G:\data_stored\reshape_train\000479.jpg 60,152,82,251,2 94,157,113,234,6 126,125,148,209,5 158,115,179,196,7 191,98,209,175,1 224,47,244,112,2
G:\data_stored\reshape_train\000480.jpg 32,118,51,259,7 69,100,89,245,8 106,138,122,253,1 141,69,158,199,9 177,66,194,207,9 212,86,229,213,7
G:\data_stored\reshape_train\000481.jpg 62,123,76,236,9 87,123,99,233,6 109,91,124,173,3 135,110,148,217,9 159,107,172,227,9 182,78,195,164,9
G:\data_stored\reshape_train\000482.jpg 55,152,74,254,9 84,147,102,246,6 115,106,131,193,3 143,123,162,234,9 174,119,190,226,9 203,82,221,168,9
G:\data_stored\reshape_train\000483.jpg 61,103,82,184,2 97,114,112,193,6 131,106,145,188,0 164,88,178,183,0 194,85,210,171,0 228,102,243,180,9
G:\data_stored\reshape_train\000484.jpg 63,97,78,217,2 89,108,102,221,3 117,105,129,213,3 142,105,157,210,9 169,93,183,217,7 196,112,210,221,8
G:\data_stored\reshape_train\000485.jpg 43,106,60,213,7 68,138,85,228,3 97,102,110,197,6 119,142,134,232,3 148,150,162,232,3 175,126,190,228,5
G:\data_stored\reshape_train\000486.jpg 56,136,71,225,7 83,134,102,219,7 117,129,137,214,8 154,134,173,219,0 188,121,207,210,9 224,125,243,214,7
G:\data_stored\reshape_train\000487.jpg 77,150,92,238,3 105,170,121,242,2 132,156,147,248,8 163,163,177,248,0 190,173,205,259,9 220,129,233,207,8
G:\data_stored\reshape_train\000488.jpg 25,83,43,209,7 51,101,68,226,5 80,163,96,244,5 110,156,127,254,0 139,94,154,205,9 169,111,185,198,9
G:\data_stored\reshape_train\000489.jpg 15,104,35,260,3 45,104,62,241,3 76,97,96,241,7 107,104,125,241,2 134,84,153,234,6 165,104,185,228,4
G:\data_stored\reshape_train\000490.jpg 20,58,45,222,0 64,74,90,229,7 117,97,144,253,5 161,105,190,261,2 210,97,237,264,2 259,128,284,276,9
G:\data_stored\reshape_train\000491.jpg 24,94,49,240,4 69,89,92,243,7 114,101,138,240,4 161,82,180,222,1 208,68,236,219,0 258,77,284,229,9
G:\data_stored\reshape_train\000492.jpg 56,45,70,167,1 86,48,101,177,7 114,66,130,177,0 143,76,159,202,5 172,87,188,202,7 203,101,216,212,8
G:\data_stored\reshape_train\000493.jpg 41,100,57,188,3 76,107,92,191,1 111,101,129,192,7 147,101,164,184,7 185,97,200,156,3 219,89,236,156,9
G:\data_stored\reshape_train\000494.jpg 64,64,77,188,6 89,70,104,202,0 115,77,128,198,1 142,80,154,195,1 168,87,183,215,1 197,97,211,215,4
G:\data_stored\reshape_train\000495.jpg 72,124,86,239,6 95,130,110,230,0 122,124,135,227,1 148,118,160,212,1 174,106,190,221,1 199,100,214,200,4
G:\data_stored\reshape_train\000496.jpg 25,80,50,222,7 70,75,97,225,7 114,72,141,220,0 160,85,186,247,4 209,72,233,210,0 258,85,282,217,9
G:\data_stored\reshape_train\000497.jpg 26,90,51,240,3 72,93,93,246,5 115,100,138,253,6 162,93,186,250,9 209,106,233,256,0
G:\data_stored\reshape_train\000498.jpg 74,101,87,215,6 103,96,117,203,0 131,84,146,203,0 159,79,174,198,2 188,84,201,192,4 217,56,230,158,8
G:\data_stored\reshape_train\000499.jpg 57,100,74,240,3 83,95,97,235,3 107,90,122,230,7 132,80,145,225,0 156,100,169,215,5 181,80,195,195,8
G:\data_stored\reshape_train\000500.jpg 35,84,57,196,6 78,75,94,173,1 119,79,143,196,9 157,84,181,201,4 198,75,223,192,7 238,75,263,201,7
G:\data_stored\reshape_train\000501.jpg 38,121,59,210,9 71,134,91,221,2 105,142,123,228,4 139,139,157,226,3 170,139,189,223,8 203,134,223,223,7
G:\data_stored\reshape_train\000502.jpg 43,105,59,210,8 75,97,89,202,0 105,105,122,202,4 138,105,156,210,5 172,97,189,202,4 207,90,227,210,3
G:\data_stored\reshape_train\000503.jpg 56,39,70,202,8 86,58,99,215,3 113,65,129,221,4 141,65,158,215,4 169,58,184,195,1 198,78,216,241,0
G:\data_stored\reshape_train\000504.jpg 28,95,50,201,2 62,98,78,210,9 92,100,110,221,5 123,117,142,229,7 154,128,168,238,1 186,120,204,215,6
G:\data_stored\reshape_train\000505.jpg 19,93,39,250,3 51,93,70,237,0 83,100,100,231,1 117,118,130,250,1 150,112,169,256,0 179,93,201,225,0
G:\data_stored\reshape_train\000506.jpg 32,128,49,231,3 63,120,79,227,0 93,124,111,218,1 124,141,143,231,1 154,132,172,231,0 185,124,202,214,0
G:\data_stored\reshape_train\000507.jpg 28,136,49,250,3 59,131,78,240,0 90,122,109,240,1 122,150,137,259,1 152,131,171,245,0 185,122,204,240,0
G:\data_stored\reshape_train\000508.jpg 48,130,68,250,0 91,110,113,243,4 129,93,152,236,9 180,115,198,243,0 225,117,244,239,0 266,91,286,217,8
G:\data_stored\reshape_train\000509.jpg 57,126,73,245,3 85,119,101,235,9 112,115,131,235,9 141,115,160,228,3 170,85,187,214,2 202,57,215,160,5
G:\data_stored\reshape_train\000510.jpg 73,108,87,205,3 104,111,119,209,8 137,101,153,198,0 168,93,186,202,1 202,83,217,193,3 236,96,253,191,9
G:\data_stored\reshape_train\000511.jpg 86,82,98,212,3 109,87,124,212,7 135,82,145,212,1 160,87,171,217,5 185,106,196,217,3 210,82,221,179,0
G:\data_stored\reshape_train\000512.jpg 14,8,31,177,3 45,21,64,198,7 81,46,95,219,8 147,76,163,207,9 177,88,193,232,9
G:\data_stored\reshape_train\000513.jpg 8,75,34,267,3 58,70,86,281,7 112,75,135,290,8 163,126,185,285,8 211,107,234,290,0 259,98,282,281,0
G:\data_stored\reshape_train\000514.jpg 22,75,38,224,3 52,68,70,224,7 88,72,104,231,8 121,110,135,235,8 152,87,169,231,0 184,79,198,220,0
G:\data_stored\reshape_train\000515.jpg 94,101,106,209,3 117,101,129,203,8 141,101,151,209,6 163,101,174,203,5 187,113,198,209,6 210,90,218,177,9
G:\data_stored\reshape_train\000516.jpg 12,21,27,171,4 41,37,57,162,1 73,31,87,165,3 103,43,117,181,9 132,53,147,187,6 164,46,177,168,3
G:\data_stored\reshape_train\000517.jpg 14,41,34,247,5 58,52,76,252,4 100,52,121,264,6 144,76,164,264,5 187,76,207,270,0 230,94,252,282,5
G:\data_stored\reshape_train\000518.jpg 17,98,42,240,6 66,98,90,240,0 116,102,137,244,2 164,98,187,244,6 214,146,236,256,2 262,138,283,264,0
G:\data_stored\reshape_train\000519.jpg 53,130,70,227,0 88,135,106,232,4 122,145,144,251,4 157,145,176,251,7 194,164,213,261,4 229,135,246,227,8
G:\data_stored\reshape_train\000520.jpg 16,120,34,248,3 43,116,61,256,3 73,124,88,264,9 104,144,119,264,6 132,140,151,268,3 162,148,181,268,5 196,104,210,192,5
G:\data_stored\reshape_train\000521.jpg 13,126,31,245,3 39,135,58,253,4 70,143,86,261,3 102,143,117,261,4 133,139,148,266,1 160,160,178,278,2 193,143,212,261,4
G:\data_stored\reshape_train\000522.jpg 10,108,37,208,3 47,111,74,208,4 96,100,118,201,6 141,113,165,218,8 185,111,209,212,8 227,113,250,213,8 278,81,298,196,0
G:\data_stored\reshape_train\000523.jpg 27,97,39,185,3 50,112,64,198,5 74,108,88,200,0 97,105,113,196,4 122,112,137,198,6 145,114,161,202,1 171,103,185,194,3
G:\data_stored\reshape_train\000524.jpg 86,81,95,182,3 103,89,113,187,5 122,84,132,185,3 141,98,152,185,4 160,98,171,185,8 179,100,190,187,8 201,117,209,201,2
G:\data_stored\reshape_train\000525.jpg 42,126,58,236,3 72,114,91,232,5 106,102,125,217,7 141,118,161,236,7 176,114,193,228,8 210,110,229,228,3 246,82,264,193,4
G:\data_stored\reshape_train\000526.jpg 64,108,78,204,3 85,115,98,202,6 106,117,118,200,1 128,111,139,200,1 150,117,164,204,3 173,111,185,206,7 199,144,209,226,8
G:\data_stored\reshape_train\000527.jpg 52,166,66,271,5 82,174,98,267,3 114,166,128,271,5 144,145,159,267,2 177,141,192,275,8 208,137,224,287,0
G:\data_stored\reshape_train\000528.jpg 11,62,42,272,0 64,97,89,279,0 107,111,135,300,3 160,76,186,272,0 209,111,234,300,3 259,118,286,300,8
G:\data_stored\reshape_train\000529.jpg 63,146,80,233,5 101,148,117,248,6 137,110,155,198,0 174,135,192,248,2 208,148,228,250,0 245,101,261,200,0
G:\data_stored\reshape_train\000530.jpg 60,137,77,245,6 94,143,109,255,8 127,150,143,261,4 160,153,177,261,6 194,153,211,268,5 226,124,243,245,5
G:\data_stored\reshape_train\000531.jpg 11,43,31,142,6 10,139,28,233,7 47,113,65,233,6 86,64,104,148,9 85,145,102,247,0 121,139,139,250,3 121,61,140,139,2 160,61,179,145,3 160,139,178,259,4 201,145,220,267,3 202,61,219,151,2
G:\data_stored\reshape_train\000532.jpg 23,119,41,266,1 57,119,78,271,4 92,95,112,247,8 127,90,145,252,1 163,90,182,238,1 200,33,221,180,1
G:\data_stored\reshape_train\000533.jpg 11,111,29,222,3 39,120,56,227,0 69,116,88,232,5 100,135,115,227,2 131,130,146,237,9 160,145,176,241,3 191,145,205,241,3
G:\data_stored\reshape_train\000534.jpg 45,220,63,276,3 73,231,89,285,1 104,225,120,282,1 131,232,150,285,8 163,222,178,277,1 189,234,212,286,9 223,223,242,283,3
G:\data_stored\reshape_train\000535.jpg 18,82,37,195,3 49,97,61,202,1 76,104,93,205,8 108,94,123,198,3 135,94,152,208,3 164,91,186,198,2 198,60,210,142,1
G:\data_stored\reshape_train\000536.jpg 33,122,56,270,2 69,125,86,278,1 104,130,128,270,5 135,125,160,264,0 174,130,192,259,0 211,130,234,264,5 252,59,263,201,1
G:\data_stored\reshape_train\000537.jpg 49,35,73,201,6 88,74,105,222,1 124,71,142,228,5 160,53,177,231,7 196,74,215,225,6 236,38,253,187,5
G:\data_stored\reshape_train\000538.jpg 52,63,72,217,6 86,85,106,227,4 118,25,137,202,8 154,44,173,198,9 189,44,206,198,6 223,6,242,151,5
G:\data_stored\reshape_train\000539.jpg 43,108,58,285,4 69,113,85,260,0 92,78,110,265,8 118,137,134,300,8 148,113,159,275,0 173,83,186,275,0
G:\data_stored\reshape_train\000540.jpg 56,50,72,157,5 86,55,101,164,1 122,55,135,154,1 152,60,171,186,4 183,53,200,188,5 217,108,235,205,7
G:\data_stored\reshape_train\000541.jpg 9,73,30,206,2 47,83,67,226,3 84,98,105,221,6 123,88,142,221,8 158,103,180,231,6 196,157,214,260,1
G:\data_stored\reshape_train\000542.jpg 4,85,32,224,7 52,75,77,230,2 100,104,125,249,3 147,101,171,249,2 195,107,219,246,0 244,116,261,258,1
G:\data_stored\reshape_train\000543.jpg 22,161,44,272,7 66,152,91,272,6 111,152,136,267,5 159,133,183,258,6 206,138,228,258,4 255,87,276,221,8
G:\data_stored\reshape_train\000544.jpg 0,126,23,241,8 41,126,60,247,0 80,126,100,253,6 120,123,141,250,6 161,123,182,259,5 204,98,223,228,5
G:\data_stored\reshape_train\000545.jpg 80,72,93,227,8 103,82,115,227,9 126,77,138,227,0 146,82,161,227,5 171,77,184,222,5 195,41,206,196,5
G:\data_stored\reshape_train\000546.jpg 6,5,29,255,0 43,16,66,266,5 88,27,108,266,3 128,16,151,283,2 173,22,195,288,5 216,50,239,300,5
G:\data_stored\reshape_train\000547.jpg 21,46,47,260,9 71,53,95,260,4 117,40,142,246,0 167,60,189,260,5 213,46,238,253,7 264,26,287,226,0
G:\data_stored\reshape_train\000548.jpg 52,69,68,195,7 80,63,92,183,1 105,75,121,202,2 132,85,146,192,2 158,94,172,230,5 183,116,198,240,8
G:\data_stored\reshape_train\000549.jpg 86,109,99,218,0 111,112,126,233,8 140,109,150,215,1 166,100,180,218,2 190,109,207,215,2 220,139,236,236,2
G:\data_stored\reshape_train\000550.jpg 61,100,77,240,2 88,88,105,236,0 117,76,133,238,6 147,71,166,228,9 179,51,197,213,9 210,76,228,238,0
G:\data_stored\reshape_train\000551.jpg 54,70,70,207,3 81,66,96,207,7 110,66,123,196,3 136,59,151,177,2 166,59,178,188,9 193,66,211,222,5
G:\data_stored\reshape_train\000552.jpg 75,79,88,220,5 99,58,111,204,0 122,58,137,212,8 149,70,159,208,1 171,75,185,225,9 199,108,210,237,3
G:\data_stored\reshape_train\000553.jpg 6,41,23,216,6 43,34,54,188,1 75,27,96,195,6 112,13,133,170,0 149,13,170,184,9 188,3,207,181,1
G:\data_stored\reshape_train\000554.jpg 9,115,34,275,9 55,95,81,260,0 98,100,128,265,7 147,85,177,240,3 196,60,219,225,1
G:\data_stored\reshape_train\000555.jpg 56,89,70,239,1 81,79,96,225,8 109,70,122,215,1 134,75,153,229,2 161,65,181,215,0 190,46,208,210,0
G:\data_stored\reshape_train\000556.jpg 72,108,82,232,5 87,108,99,227,4 105,82,116,222,2 121,82,134,217,6 139,72,152,201,2 158,62,170,191,3
G:\data_stored\reshape_train\000557.jpg 61,52,75,153,8 87,61,104,159,4 118,70,133,168,4 149,73,164,174,6 176,82,196,177,8 210,85,225,180,2
G:\data_stored\reshape_train\000558.jpg 58,93,74,231,6 82,93,98,231,7 110,87,127,225,5 139,81,155,218,3 169,81,185,231,3 201,62,214,212,1
G:\data_stored\reshape_train\000559.jpg 68,33,82,140,9 92,44,107,166,7 117,62,132,174,4 141,81,159,185,4 168,92,186,203,5 196,111,212,225,9
G:\data_stored\reshape_train\000560.jpg 82,109,93,201,2 104,109,115,194,2 125,123,136,208,0 147,127,158,225,8 168,134,179,218,0 188,148,200,247,5
G:\data_stored\reshape_train\000561.jpg 78,127,91,208,1 104,129,121,214,5 156,137,170,216,8 134,168,147,238,2 185,133,195,203,1 211,172,223,240,8
G:\data_stored\reshape_train\000562.jpg 13,37,30,204,1 58,50,79,216,4 104,70,126,241,6 148,91,170,241,7 194,100,214,258,7 239,83,257,183,4
G:\data_stored\reshape_train\000563.jpg 20,68,39,246,1 55,87,81,231,4 99,106,122,265,6 144,83,164,254,7 184,83,205,265,7 231,30,246,159,4
G:\data_stored\reshape_train\000564.jpg 82,75,96,192,1 117,104,137,209,4 153,113,172,224,8 190,125,207,238,8 224,133,240,253,5 258,122,274,230,0
G:\data_stored\reshape_train\000565.jpg 55,196,75,286,1 85,181,108,279,5 123,158,139,250,1 158,130,182,228,3 202,103,224,215,8 248,71,272,169,7
G:\data_stored\reshape_train\000566.jpg 39,92,58,216,1 69,108,86,240,8 101,104,116,252,0 130,136,147,268,9 157,140,177,264,7
G:\data_stored\reshape_train\000567.jpg 39,84,57,225,2 72,56,92,215,7 106,84,127,206,4 146,56,164,196,0 180,46,200,196,7 219,28,243,187,2
G:\data_stored\reshape_train\000568.jpg 65,80,87,166,0 100,87,120,169,0 136,82,156,169,1 172,101,197,182,9 211,109,228,196,1 252,150,263,228,1
G:\data_stored\reshape_train\000569.jpg 12,134,35,274,0 51,124,70,284,1 87,134,110,294,7 127,129,146,284,5 161,82,184,232,6 203,103,224,237,9
G:\data_stored\reshape_train\000570.jpg 78,125,97,211,4 109,129,128,220,1 142,127,161,218,1 174,136,196,234,2 208,136,229,227,0 241,84,258,170,8 244,170,260,252,9
G:\data_stored\reshape_train\000571.jpg 53,145,73,250,5 79,133,98,229,3 105,120,120,220,4 127,70,146,170,9 131,170,147,262,0 154,108,171,212,8 179,100,199,212,4
G:\data_stored\reshape_train\000572.jpg 85,201,98,279,2 106,196,119,276,7 128,196,142,276,8 149,199,164,273,0 172,193,183,264,7
G:\data_stored\reshape_train\000573.jpg 63,173,78,244,6 88,157,102,244,1 115,171,127,244,8 138,163,152,244,4 164,178,180,250,8
G:\data_stored\reshape_train\000574.jpg 37,97,56,218,4 68,97,87,221,9 100,100,118,223,9 131,100,150,223,3 163,97,182,215,7 198,68,218,176,4
G:\data_stored\reshape_train\000575.jpg 67,81,84,187,8 92,86,112,194,0 119,83,135,191,7 149,86,161,180,5 173,86,190,178,9 204,90,216,176,4
G:\data_stored\reshape_train\000576.jpg 49,118,71,218,5 89,115,108,210,9 125,113,145,215,2 162,103,185,204,3 202,106,222,209,5 243,93,267,200,7
G:\data_stored\reshape_train\000577.jpg 53,86,70,188,0 83,91,98,191,2 111,86,126,191,5 140,86,160,188,7 171,82,189,189,3
G:\data_stored\reshape_train\000578.jpg 41,100,57,197,0 70,94,83,197,7 97,97,111,189,1 122,81,139,170,2 152,78,166,170,9 179,81,192,167,9
G:\data_stored\reshape_train\000579.jpg 33,145,48,243,1 58,148,74,243,8 85,145,103,243,7 115,138,127,236,9 140,154,154,233,7 167,157,183,243,3
G:\data_stored\reshape_train\000580.jpg 71,137,89,215,7 98,150,114,216,6 126,139,145,205,1 156,140,171,208,1 185,153,201,222,4 212,137,231,207,5
G:\data_stored\reshape_train\000581.jpg 60,118,74,214,3 87,120,100,214,0 112,127,125,222,8 139,129,151,217,4 165,132,176,219,7
G:\data_stored\reshape_train\000582.jpg 40,127,54,218,3 70,123,85,222,4 104,130,117,222,4 136,127,150,225,2 165,123,182,222,6 201,137,218,229,3
G:\data_stored\reshape_train\000583.jpg 99,134,113,227,3 129,134,141,231,3 158,141,170,231,9 187,144,200,234,6 217,131,231,237,0
G:\data_stored\reshape_train\000584.jpg 76,102,93,180,2 104,100,119,184,4 131,98,144,175,1 157,96,173,186,7 185,90,201,180,7 214,90,229,182,8
G:\data_stored\reshape_train\000585.jpg 82,84,94,165,7 111,86,129,159,2 138,89,155,159,2 170,95,183,173,7 198,95,214,173,5 229,140,246,227,2
G:\data_stored\reshape_train\000586.jpg 75,93,91,201,0 104,87,125,201,5 134,93,154,201,9 167,87,184,196,3 195,82,218,196,6 231,41,245,144,8 230,139,245,237,9
G:\data_stored\reshape_train\000587.jpg 41,109,60,209,3 68,101,88,206,8 98,90,120,208,6 134,82,153,197,0 172,57,195,193,1 220,84,249,209,6
G:\data_stored\reshape_train\000588.jpg 92,175,106,260,5 110,158,123,264,1 125,144,142,247,7 147,132,160,224,4 168,115,184,221,5 192,120,205,218,0
G:\data_stored\reshape_train\000589.jpg 50,132,66,203,6 74,132,89,198,9 99,125,113,198,2 124,118,137,191,2 150,105,163,182,6
G:\data_stored\reshape_train\000590.jpg 52,136,68,246,7 83,120,100,235,4 114,104,131,221,7 146,89,159,221,1 178,72,196,190,6 216,90,234,200,6
G:\data_stored\reshape_train\000591.jpg 82,117,99,192,4 107,110,120,194,1 133,120,144,196,1 157,112,173,194,2 180,112,196,192,2 210,100,228,168,4
G:\data_stored\reshape_train\000592.jpg 33,111,55,213,8 67,116,91,205,6 107,109,129,205,6 142,105,164,187,0 181,114,204,208,5 218,126,239,222,9
G:\data_stored\reshape_train\000593.jpg 32,118,52,206,0 62,113,83,199,9 100,120,117,209,6 132,120,151,205,4 164,116,182,200,1 202,118,220,199,4
G:\data_stored\reshape_train\000594.jpg 64,100,81,179,4 91,100,113,189,4 122,92,141,185,5 152,92,165,170,1 181,76,195,167,0 209,93,228,176,4
G:\data_stored\reshape_train\000595.jpg 103,105,113,180,8 121,107,133,183,5 139,101,152,166,8 159,97,169,172,0 197,107,207,160,9
G:\data_stored\reshape_train\000596.jpg 67,88,83,165,5 94,93,110,177,5 125,96,140,168,3 150,100,167,175,9 183,110,200,192,7 208,141,229,225,7
G:\data_stored\reshape_train\000597.jpg 83,145,97,215,9 103,137,115,215,4 121,140,135,212,6 143,137,155,212,4 161,140,175,210,5 186,130,197,203,3
G:\data_stored\reshape_train\000598.jpg 36,124,59,222,0 77,116,93,202,8 112,120,136,194,8 153,116,173,202,3 193,116,215,206,2 235,155,254,237,5
G:\data_stored\reshape_train\000599.jpg 46,129,63,216,4 74,129,89,216,4 98,129,117,216,4 127,104,143,191,0 154,118,171,219,4 181,108,199,198,7
G:\data_stored\reshape_train\000600.jpg 79,139,90,217,5 99,143,112,213,3 121,152,134,221,4 143,143,153,217,2 163,143,175,205,2 187,139,200,201,9
G:\data_stored\reshape_train\000601.jpg 53,92,68,192,4 84,98,99,200,2 113,109,132,212,7 144,107,162,210,7 175,109,194,218,5 211,153,227,254,7
G:\data_stored\reshape_train\000602.jpg 50,126,74,207,5 87,122,115,203,6 131,130,156,215,1 169,137,197,220,8 206,130,236,222,5
G:\data_stored\reshape_train\000603.jpg 104,154,118,222,0 122,154,132,223,6 139,155,152,227,6 156,151,168,219,0 175,160,188,227,8 196,189,206,254,6
G:\data_stored\reshape_train\000604.jpg 79,75,96,163,1 102,75,116,155,7 124,60,137,167,1 145,75,158,161,5 168,67,180,159,5 191,88,207,163,8
G:\data_stored\reshape_train\000605.jpg 82,120,96,222,8 109,132,123,223,6 134,135,152,225,5 162,145,179,233,9 190,132,204,230,3 219,187,234,266,2
G:\data_stored\reshape_train\000606.jpg 29,146,45,246,1 55,138,71,238,6 84,126,99,234,9 109,107,128,223,7 139,96,157,200,6
G:\data_stored\reshape_train\000607.jpg 70,130,88,227,0 94,121,111,221,7 120,109,137,209,3 147,100,163,206,9 175,109,192,206,7 205,160,222,242,7
G:\data_stored\reshape_train\000608.jpg 66,134,84,204,1 94,138,112,211,7 121,137,137,215,2 149,147,165,215,4 177,138,193,211,0 205,115,222,181,0
G:\data_stored\reshape_train\000609.jpg 24,131,48,217,0 61,140,85,217,6 99,137,123,220,5 135,150,162,230,8 177,147,197,229,9 211,103,235,192,4
G:\data_stored\reshape_train\000610.jpg 38,120,62,219,0 70,134,92,230,7 106,126,131,233,7 145,128,163,223,1 180,134,197,233,8 216,130,235,228,6
G:\data_stored\reshape_train\000611.jpg 81,167,96,242,6 106,164,120,244,3 132,164,147,250,3 155,158,170,246,7 181,171,198,255,9 205,173,221,250,6
G:\data_stored\reshape_train\000612.jpg 77,145,96,220,7 103,137,118,212,1 132,145,147,225,9 161,145,173,225,9 185,154,203,229,4 213,133,228,204,3
G:\data_stored\reshape_train\000613.jpg 95,147,110,228,8 122,156,136,232,0 147,160,163,245,2 173,173,188,249,6 199,185,215,257,4 223,173,238,257,1
G:\data_stored\reshape_train\000614.jpg 59,127,77,213,1 92,135,114,218,1 138,157,155,236,1 134,88,154,157,0 94,76,113,135,0 173,86,192,150,9 173,152,192,231,0 203,98,229,159,7 210,154,227,233,8 246,142,264,233,4
G:\data_stored\reshape_train\000615.jpg 20,153,39,243,0 52,156,73,240,4 86,156,105,243,8 118,150,137,236,1 153,150,171,240,1 189,126,208,223,0
G:\data_stored\reshape_train\000616.jpg 41,123,61,220,1 78,130,100,236,3 117,126,137,230,5 154,136,177,226,8 190,136,211,223,7 229,130,251,223,8
G:\data_stored\reshape_train\000617.jpg 49,145,67,230,4 83,120,100,220,2 114,125,134,220,9 144,120,166,215,7 176,115,196,205,2 210,115,228,195,4
G:\data_stored\reshape_train\000618.jpg 30,136,44,225,1 60,151,79,238,5 94,150,113,238,5 126,153,143,244,2 157,134,176,219,2 192,124,207,215,9
G:\data_stored\reshape_train\000619.jpg 43,122,62,205,1 79,144,100,224,6 119,134,140,222,6 156,144,173,229,1 193,120,216,200,0 229,115,252,196,9
G:\data_stored\reshape_train\000620.jpg 32,109,50,219,8 60,133,84,228,5 93,133,109,228,5 122,138,139,228,8 154,157,169,238,4 184,166,199,252,2
G:\data_stored\reshape_train\000621.jpg 23,110,39,220,3 57,110,73,214,3 89,112,107,227,5 122,125,139,231,9 155,123,168,225,4 188,98,202,178,4
G:\data_stored\reshape_train\000622.jpg 17,71,36,210,5 58,76,76,201,6 93,85,114,210,0 130,89,152,214,8 168,98,185,232,9
G:\data_stored\reshape_train\000623.jpg 97,142,112,245,5 122,147,135,240,7 146,147,160,240,2 169,152,182,240,9 190,152,203,250,8 214,147,222,221,0
G:\data_stored\reshape_train\000624.jpg 76,100,95,175,2 112,111,129,190,6 150,100,167,180,8 186,100,202,180,3 221,100,239,182,5 258,123,274,201,4
G:\data_stored\reshape_train\000625.jpg 60,115,80,193,0 96,106,107,189,1 125,110,144,193,7 157,123,176,197,5 192,119,207,189,0 226,98,242,164,4
G:\data_stored\reshape_train\000626.jpg 24,115,41,199,2 54,124,73,207,6 89,118,104,207,7 121,118,137,201,8 155,121,170,216,5
G:\data_stored\reshape_train\000627.jpg 21,106,47,212,1 63,109,89,213,3 110,111,133,197,1 156,108,179,212,9 204,107,229,215,2 255,107,278,205,8
G:\data_stored\reshape_train\000628.jpg 48,103,63,189,6 78,103,93,187,1 108,103,127,190,4 140,99,154,184,1 169,97,187,186,2 203,80,216,164,3
G:\data_stored\reshape_train\000629.jpg 59,107,78,203,9 88,113,102,206,2 114,110,128,203,6 138,122,153,215,6 165,107,180,206,0 193,78,204,168,5
G:\data_stored\reshape_train\000630.jpg 43,112,61,220,4 77,115,98,224,7 115,119,132,231,5 151,104,170,209,2 188,104,207,224,9 223,90,242,187,6
G:\data_stored\reshape_train\000631.jpg 58,100,78,189,4 90,107,108,197,5 118,102,137,189,0 153,94,168,189,7 182,100,200,189,2 215,94,233,174,3
G:\data_stored\reshape_train\000632.jpg 37,131,57,221,1 66,140,85,231,4 95,134,113,218,2 122,146,138,218,6 151,131,166,225,5 178,121,196,196,6
G:\data_stored\reshape_train\000633.jpg 60,153,73,222,6 89,150,102,222,4 117,141,132,216,0 146,150,161,223,5 174,147,191,226,4 205,133,222,219,8
G:\data_stored\reshape_train\000634.jpg 40,152,60,237,9 67,150,85,237,7 99,137,111,219,1 126,133,143,221,5 155,126,173,211,2 184,96,200,178,6
G:\data_stored\reshape_train\000635.jpg 99,200,115,280,3 125,186,143,273,2 154,186,170,276,3 182,186,200,270,6 210,176,225,260,8 236,166,251,253,6
G:\data_stored\reshape_train\000636.jpg 87,124,101,204,8 108,118,120,194,9 130,114,141,197,8 152,111,166,194,0 175,105,187,185,7 195,105,210,178,9
G:\data_stored\reshape_train\000637.jpg 91,199,101,255,0 107,196,116,255,6 124,192,133,250,3 141,187,150,250,6 157,182,167,241,1 174,173,186,232,7
G:\data_stored\reshape_train\000638.jpg 23,65,47,159,5 63,64,91,175,5 111,112,130,207,1 156,113,178,219,4 198,57,223,168,9 242,90,267,186,9
G:\data_stored\reshape_train\000639.jpg 73,141,87,230,3 100,144,114,225,9 130,144,143,230,9 157,135,175,219,9 188,135,203,216,9 219,158,231,230,1
G:\data_stored\reshape_train\000640.jpg 58,107,75,215,2 93,122,107,224,0 125,123,140,220,8 158,127,174,222,9 193,127,207,220,1 226,116,241,199,4
G:\data_stored\reshape_train\000641.jpg 59,80,79,182,2 96,85,112,201,1 131,98,148,211,5 163,97,182,213,7 202,117,217,216,6 237,119,253,216,5
G:\data_stored\reshape_train\000642.jpg 49,104,69,182,5 89,107,107,181,8 129,110,148,189,3 168,115,188,201,2 206,110,227,192,9 247,128,268,213,9
G:\data_stored\reshape_train\000643.jpg 75,142,90,247,7 103,155,119,259,5 129,165,145,254,3 157,169,175,252,4 183,172,201,252,9 216,141,224,220,1
G:\data_stored\reshape_train\000644.jpg 27,138,49,235,0 61,139,81,235,9 98,134,120,229,6 136,129,155,224,3 173,139,191,225,7 211,126,230,219,0
G:\data_stored\reshape_train\000645.jpg 38,133,57,224,1 84,136,99,240,1 126,150,145,254,9 166,156,187,259,6 210,152,229,254,6 251,154,271,252,6
G:\data_stored\reshape_train\000646.jpg 65,128,81,212,1 97,119,114,205,2 128,110,144,198,6 159,105,175,192,2 191,100,206,182,3 224,69,240,141,0
G:\data_stored\reshape_train\000647.jpg 74,175,86,256,1 97,184,112,268,3 122,184,135,262,8 148,184,162,262,3 172,181,184,265,5
G:\data_stored\reshape_train\000648.jpg 51,183,68,273,1 82,183,103,271,5 116,165,138,258,0 152,146,172,245,2 186,125,207,236,5 226,90,247,187,3
G:\data_stored\reshape_train\000649.jpg 56,198,76,283,1 90,192,112,279,5 124,192,142,269,9 160,175,175,256,1 195,175,216,249,0 235,128,249,212,8
G:\data_stored\reshape_train\000650.jpg 65,140,83,251,1 98,140,118,251,6 133,140,149,255,9 165,133,181,248,1 201,133,220,248,8
